AA	NC_045512.2_1	Alignment	NC_028806.1_1	NC_038294.1_1	AY714217.1_1	FJ647218.1_1	NC_004718.3_1	NC_038861.1_1	AY463059.1_1	NC_002306.3_1	MN996528.1_1	KF367457.1_1	MG772934.1_1	DQ022305.2_1	MN996527.1_1	FJ647223.1_1
M	1	1	1	1	1	1	1	1	1	1	1	1	1	1	1	1
Y	2	2	2	2	2	2	2	2	2	2	2	2	2	2	2	2
S	3	6	6	3	3	3	3	6	3	6	3	3	3	3	3	3
F	4	7	7	4	4	4	4	7	4	7	4	4	4	4	4	4
V	5	8	8	5	5	5	5	8	5	8	5	5	5	5	5	5
S	6	9	9	6	6	6	6	9	6	9	6	6	6	6	6	6
E	7	10	10	7	7	7	7	10	7	10	7	7	7	7	7	7
E	8	11	11	8	8	8	8	11	8	11	8	8	8	8	8	8
T	9	12	12	9	9	9	9	12	9	12	9	9	9	9	9	9
G	10	13	13	10	10	10	10	13	10	13	10	10	10	10	10	10
T	11	14	14	11	11	11	11	14	11	14	11	11	11	11	11	11
L	12	15	15	12	12	12	12	15	12	15	12	12	12	12	12	12
I	13	16	16	13	13	13	13	16	13	16	13	13	13	13	13	13
V	14	17	17	14	14	14	14	17	14	17	14	14	14	14	14	14
N	15	18	18	15	15	15	15	18	15	18	15	15	15	15	15	15
S	16	19	19	16	16	16	16	19	16	19	16	16	16	16	16	16
V	17	20	20	17	17	17	17	20	17	20	17	17	17	17	17	17
L	18	21	21	18	18	18	18	21	18	21	18	18	18	18	18	18
L	19	22	22	19	19	19	19	22	19	22	19	19	19	19	19	19
F	20	23	23	20	20	20	20	23	20	23	20	20	20	20	20	20
L	21	24	24	21	21	21	21	24	21	24	21	21	21	21	21	21
A	22	25	25	22	22	22	22	25	22	25	22	22	22	22	22	22
F	23	26	26	23	23	23	23	26	23	26	23	23	23	23	23	23
V	24	27	27	24	24	24	24	27	24	27	24	24	24	24	24	24
V	25	28	28	25	25	25	25	28	25	28	25	25	25	25	25	25
F	26	29	29	26	26	26	26	29	26	29	26	26	26	26	26	26
L	27	30	30	27	27	27	27	30	27	30	27	27	27	27	27	27
L	28	31	31	28	28	28	28	31	28	31	28	28	28	28	28	28
V	29	32	32	29	29	29	29	32	29	32	29	29	29	29	29	29
T	30	33	33	30	30	30	30	33	30	33	30	30	30	30	30	30
L	31	34	34	31	31	31	31	34	31	34	31	31	31	31	31	31
A	32	35	35	32	32	32	32	35	32	35	32	32	32	32	32	32
I	33	36	36	33	33	33	33	36	33	36	33	33	33	33	33	33
L	34	37	37	34	34	34	34	37	34	37	34	34	34	34	34	34
T	35	38	38	35	35	35	35	38	35	38	35	35	35	35	35	35
A	36	39	39	36	36	36	36	39	36	39	36	36	36	36	36	36
L	37	40	40	37	37	37	37	40	37	40	37	37	37	37	37	37
R	38	41	41	38	38	38	38	41	38	41	38	38	38	38	38	38
L	39	42	42	39	39	39	39	42	39	42	39	39	39	39	39	39
C	40	43	43	40	40	40	40	43	40	43	40	40	40	40	40	40
A	41	44	44	41	41	41	41	44	41	44	41	41	41	41	41	41
Y	42	45	45	42	42	42	42	45	42	45	42	42	42	42	42	42
C	43	46	46	43	43	43	43	46	43	46	43	43	43	43	43	43
C	44	47	47	44	44	44	44	47	44	47	44	44	44	44	44	44
N	45	48	48	45	45	45	45	48	45	48	45	45	45	45	45	45
I	46	49	49	46	46	46	46	49	46	49	46	46	46	46	46	46
V	47	50	50	47	47	47	47	50	47	50	47	47	47	47	47	47
N	48	51	51	48	48	48	48	51	48	51	48	48	48	48	48	48
V	49	52	52	49	49	49	49	52	49	52	49	49	49	49	49	49
S	50	53	53	50	50	50	50	53	50	53	50	50	50	50	50	50
L	51	54	54	51	51	51	51	54	51	54	51	51	51	51	51	51
V	52	55	55	52	52	52	52	55	52	55	52	52	52	52	52	52
K	53	56	56	53	53	53	53	56	53	56	53	53	53	53	53	53
P	54	57	57	54	54	54	54	57	54	57	54	54	54	54	54	54
S	55	58	58	55	55	55	55	58	55	58	55	55	55	55	55	55
F	56	59	59	56	56	56	56	59	56	59	56	56	56	56	56	56
Y	57	60	60	57	57	57	57	60	57	60	57	57	57	57	57	57
V	58	61	61	58	58	58	58	61	58	61	58	58	58	58	58	58
Y	59	62	62	59	59	59	59	62	59	62	59	59	59	59	59	59
S	60	63	63	60	60	60	60	63	60	63	60	60	60	60	60	60
R	61	64	64	61	61	61	61	64	61	64	61	61	61	61	61	61
V	62	65	65	62	62	62	62	65	62	65	62	62	62	62	62	62
K	63	66	66	63	63	63	63	66	63	66	63	63	63	63	63	63
N	64	67	67	64	64	64	64	67	64	67	64	64	64	64	64	64
L	65	68	68	65	65	65	65	68	65	68	65	65	65	65	65	65
N	66	74	70	71	66	70	66	70	66	70	66	66	66	66	66	70
S	67	75	71	72	67	71	67	71	67	71	67	67	67	67	67	71
S	68	76	72	73	68	72	68	72	68	72	68	68	68	68	68	72
R	69	77	73	74	69	73	69	73	69	73	69	69	69	69	69	73
V	70	79	75	76	71	75	71	75	71	75	70	71	70	71	70	75
P	71	80	76	77	72	76	72	76	72	76	71	72	71	72	71	76
D	72	85	77	79	73	81	73	77	73	77	72	73	72	73	72	81
L	73	86	78	80	74	82	74	78	74	78	73	74	73	74	73	82
L	74	87	79	81	75	0	75	79	75	79	74	75	74	75	74	83
V	75	92	82	82	76	83	76	82	76	82	75	76	75	76	75	88
