AA	NC_045512	Alignment	NP_598309	AMM70617	AJ271965	KU740200	NP_828869	QEY10680	NC_045512	AID16548	AID16626	NC_019843	NP_740629	QDL88266	AIW52770	AID16752	NP_839965
S	1	1	0	0	0	0	1	0	1	0	0	0	1	0	0	1	0
A	2	7	1	0	1	1	2	1	2	1	1	1	7	1	1	2	1
D	3	8	2	0	2	2	3	2	3	2	2	2	8	2	2	3	2
A	4	9	3	0	3	3	4	3	4	3	3	3	9	3	3	4	3
Q	5	10	4	0	4	4	5	4	5	4	4	4	10	4	4	5	4
S	6	11	5	0	5	5	6	5	6	5	5	5	11	5	5	6	5
F	7	12	6	0	6	6	7	6	7	6	6	6	12	6	6	7	6
L	8	13	7	0	7	7	8	7	8	7	7	7	13	7	7	8	7
N	9	14	8	0	8	8	9	8	9	8	8	8	14	8	8	9	8
R	10	15	9	1	9	9	10	9	10	9	9	9	15	9	9	10	9
V	11	16	10	2	10	10	11	10	11	10	10	10	16	10	10	11	10
C	12	17	11	3	11	11	12	11	12	11	11	11	17	11	11	12	11
G	13	18	12	4	12	12	13	12	13	12	12	12	18	12	12	13	12
V	14	19	13	5	13	13	14	13	14	13	13	13	19	13	13	14	13
S	15	20	14	6	14	14	15	14	15	14	14	14	20	14	14	15	14
A	16	22	15	8	16	16	16	16	16	15	16	16	21	16	15	16	15
A	17	23	16	9	17	17	17	17	17	16	17	17	22	17	16	17	16
R	18	24	17	10	18	18	18	18	18	17	18	18	23	18	17	18	17
L	19	25	18	11	19	19	19	19	19	18	19	19	24	19	18	19	18
T	20	26	19	12	20	20	20	20	20	19	20	20	25	20	19	20	19
P	21	27	20	13	21	21	21	21	21	20	21	21	26	21	20	21	20
C	22	28	21	14	22	22	22	22	22	21	22	22	27	22	21	22	21
G	23	29	0	15	23	23	23	23	23	0	23	23	28	23	0	23	0
T	24	30	22	16	24	24	24	24	24	22	24	24	29	24	22	24	22
G	25	31	23	17	25	25	25	25	25	23	25	25	30	25	23	25	23
T	26	32	24	18	26	26	26	26	26	24	26	26	31	26	24	26	24
S	27	33	25	19	27	27	27	27	27	25	27	27	32	27	25	27	25
T	28	34	26	20	28	28	28	28	28	26	28	28	33	28	26	28	26
D	29	35	27	21	29	29	29	29	29	27	29	29	34	29	27	29	27
V	30	36	28	22	30	30	30	30	30	28	30	30	35	30	28	30	28
V	31	37	29	23	31	31	31	31	31	29	31	31	36	31	29	31	29
Y	32	38	30	24	32	32	32	32	32	30	32	32	37	32	30	32	30
R	33	39	31	25	33	33	33	33	33	31	33	33	38	33	31	33	31
A	34	40	32	26	34	34	34	34	34	32	34	34	39	34	32	34	32
F	35	41	33	27	35	35	35	35	35	33	35	35	40	35	33	35	33
D	36	42	34	28	36	36	36	36	36	34	36	36	41	36	34	36	34
I	37	43	35	29	37	37	37	37	37	35	37	37	42	37	35	37	35
Y	38	44	36	30	38	38	38	38	38	36	38	38	43	38	36	38	36
N	39	45	37	31	39	39	39	39	39	37	39	39	44	39	37	39	37
D	40	48	38	32	40	42	40	40	40	38	40	42	45	40	38	40	38
K	41	49	39	33	41	43	41	41	41	39	41	43	46	41	39	41	39
V	42	50	40	34	42	44	42	42	42	40	42	44	47	42	40	42	40
A	43	51	41	35	43	45	43	43	43	41	43	45	48	43	41	43	41
G	44	52	42	36	44	46	44	44	44	42	44	46	49	44	42	44	42
F	45	53	43	37	45	47	45	45	45	43	45	47	50	45	43	45	43
A	46	54	44	38	46	48	46	46	46	44	46	48	51	46	44	46	44
K	47	55	45	39	47	49	47	47	47	45	47	49	52	47	45	47	45
F	48	56	46	40	48	50	48	48	48	46	48	50	53	48	46	48	46
L	49	57	47	41	49	51	49	49	49	47	49	51	54	49	47	49	47
K	50	58	48	42	50	52	50	50	50	48	50	52	55	50	48	50	48
T	51	59	49	43	51	53	51	51	51	49	51	53	56	51	49	51	49
N	52	60	50	44	52	54	52	52	52	50	52	54	57	52	50	52	50
C	53	61	51	45	53	55	53	53	53	51	53	55	58	53	51	53	51
C	54	62	52	46	54	56	54	54	54	52	54	56	59	54	52	54	52
R	55	63	53	47	55	57	55	55	55	53	55	57	60	55	53	55	53
F	56	64	54	48	56	58	56	56	56	54	56	58	61	56	54	56	54
Q	57	65	55	49	57	59	57	57	57	55	57	59	62	57	55	57	55
E	58	66	56	50	58	60	58	58	58	56	58	60	63	58	56	58	56
K	59	67	57	51	59	61	59	59	59	57	59	61	64	59	57	59	57
D	60	70	58	52	60	62	60	60	60	58	60	62	67	60	58	60	58
E	61	71	59	53	61	63	61	61	61	59	61	63	68	61	59	61	59
D	62	72	60	54	62	64	62	62	62	60	62	64	69	62	60	62	60
D	63	73	0	55	63	65	63	63	63	0	63	65	70	63	0	63	0
N	64	74	0	56	64	66	64	64	64	0	64	66	71	64	0	64	0
L	65	77	0	57	65	67	65	65	65	0	65	67	74	65	0	65	0
I	66	78	0	58	66	68	66	66	66	0	66	68	75	66	0	66	0
D	67	79	61	59	67	69	67	67	67	61	67	69	76	67	61	67	61
S	68	80	62	60	68	70	68	68	68	62	68	70	77	68	62	68	62
Y	69	81	63	61	69	71	69	69	69	63	69	71	78	69	63	69	63
F	70	82	64	62	70	72	70	70	70	64	70	72	79	70	64	70	64
V	71	83	65	63	71	73	71	71	71	65	71	73	80	71	65	71	65
V	72	84	66	64	72	74	72	72	72	66	72	74	81	72	66	72	66
K	73	85	67	65	73	75	73	73	73	67	73	75	82	73	67	73	67
R	74	86	68	66	74	76	74	74	74	68	74	76	83	74	68	74	68
H	75	87	69	67	75	77	75	75	75	69	75	77	84	75	69	75	69
T	76	88	70	68	76	78	76	76	76	70	76	78	85	76	70	76	70
F	77	89	71	69	77	79	77	77	77	71	77	79	86	77	71	77	71
S	78	90	72	70	78	80	78	78	78	72	78	80	87	78	72	78	72
N	79	91	73	71	79	81	79	79	79	73	79	81	88	79	73	79	73
Y	80	92	74	72	80	82	80	80	80	74	80	82	89	80	74	80	74
Q	81	93	75	73	81	83	81	81	81	75	81	83	90	81	75	81	75
H	82	94	76	74	82	84	82	82	82	76	82	84	91	82	76	82	76
E	83	95	77	75	83	85	83	83	83	77	83	85	92	83	77	83	77
E	84	96	78	76	84	86	84	84	84	78	84	86	93	84	78	84	78
T	85	97	79	77	85	87	85	85	85	79	85	87	94	85	79	85	79
I	86	98	80	78	86	88	86	86	86	80	86	88	95	86	80	86	80
Y	87	99	81	79	87	89	87	87	87	81	87	89	96	87	81	87	81
N	88	100	82	80	88	90	88	88	88	82	88	90	97	88	82	88	82
L	89	101	83	81	89	91	89	89	89	83	89	91	98	89	83	89	83
L	90	102	84	82	90	92	90	90	90	84	90	92	99	90	84	90	84
K	91	103	85	83	91	93	91	91	91	85	91	93	100	91	85	91	85
D	92	104	86	84	92	94	92	92	92	86	92	94	101	92	86	92	86
C	93	105	87	85	93	95	93	93	93	87	93	95	0	93	87	93	87
P	94	106	88	86	94	96	94	94	94	88	94	96	102	94	88	94	88
A	95	107	89	87	95	97	95	95	95	89	95	97	103	95	89	95	89
V	96	108	90	88	96	98	96	96	96	90	96	98	104	96	90	96	90
A	97	109	91	89	97	99	97	97	97	91	97	99	105	97	91	97	91
K	98	110	92	90	98	100	98	98	98	92	98	100	106	98	92	98	92
H	99	111	93	91	99	101	99	99	99	93	99	101	107	99	93	99	93
D	100	112	94	92	100	102	100	100	100	94	100	102	108	100	94	100	94
F	101	113	95	93	101	103	101	101	101	95	101	103	109	101	95	101	95
F	102	114	96	94	102	104	102	102	102	96	102	104	110	102	96	102	96
K	103	115	97	95	103	105	103	103	103	97	103	105	111	103	97	103	97
F	104	116	98	96	104	106	104	104	104	98	104	106	112	104	98	104	98
R	105	117	99	97	105	107	105	105	105	99	105	107	113	105	99	105	99
I	106	118	100	98	106	108	106	106	106	100	106	108	114	106	100	106	100
D	107	119	101	99	107	109	107	107	107	101	107	109	115	107	101	107	101
G	108	120	102	100	108	110	108	108	108	102	108	110	0	108	102	108	102
D	109	121	103	101	109	111	109	109	109	103	109	111	0	109	103	109	103
M	110	122	104	102	110	112	110	110	110	104	110	112	0	110	104	110	104
V	111	123	105	103	111	113	111	111	111	105	111	113	116	111	105	111	105
P	112	124	106	104	112	114	112	112	112	106	112	114	117	112	106	112	106
H	113	125	107	105	113	115	113	113	113	107	113	115	118	113	107	113	107
I	114	126	108	106	114	116	114	114	114	108	114	116	119	114	108	114	108
S	115	127	109	107	115	117	115	115	115	109	115	117	120	115	109	115	109
R	116	128	110	108	116	118	116	116	116	110	116	118	121	116	110	116	110
Q	117	129	111	109	117	119	117	117	117	111	117	119	122	117	111	117	111
R	118	130	112	110	118	120	118	118	118	112	118	120	123	118	112	118	112
L	119	131	113	111	119	121	119	119	119	113	119	121	124	119	113	119	113
T	120	132	114	112	120	122	120	120	120	114	120	122	125	120	114	120	114
K	121	133	115	113	121	123	121	121	121	115	121	123	126	121	115	121	115
Y	122	134	116	114	122	124	122	122	122	116	122	124	127	122	116	122	116
T	123	135	117	115	123	125	123	123	123	117	123	125	128	123	117	123	117
M	124	136	118	116	124	126	124	124	124	118	124	126	129	124	118	124	118
A	125	137	119	117	125	127	125	125	125	119	125	127	130	125	119	125	119
D	126	138	120	118	126	128	126	126	126	120	126	128	131	126	120	126	120
L	127	139	121	119	127	129	127	127	127	121	127	129	132	127	121	127	121
V	128	140	122	120	128	130	128	128	128	122	128	130	133	128	122	128	122
Y	129	141	123	121	129	131	129	129	129	123	129	131	134	129	123	129	123
A	130	142	124	122	130	132	130	130	130	124	130	132	135	130	124	130	124
L	131	143	125	123	131	133	131	131	131	125	131	133	136	131	125	131	125
R	132	144	126	124	132	134	132	132	132	126	132	134	137	132	126	132	126
H	133	145	127	125	133	135	133	133	133	127	133	135	138	133	127	133	127
F	134	146	128	126	134	136	134	134	134	128	134	136	139	134	128	134	128
D	135	147	129	127	135	137	135	135	135	129	135	137	140	135	129	135	129
E	136	148	130	128	136	138	136	136	136	130	136	138	141	136	130	136	130
G	137	149	131	129	137	139	137	137	137	131	137	139	142	137	131	137	131
N	138	150	132	130	138	140	138	138	138	132	138	140	143	138	132	138	132
C	139	151	133	131	139	0	139	139	139	133	139	0	144	139	133	139	133
D	140	152	134	132	140	141	140	140	140	134	140	141	145	140	134	140	134
T	141	153	135	133	141	142	141	141	141	135	141	142	146	141	135	141	135
L	142	154	136	134	142	143	142	142	142	136	142	143	147	142	136	142	136
K	143	155	137	135	143	144	143	143	143	137	143	144	148	143	137	143	137
E	144	156	138	136	144	145	144	144	144	138	144	145	149	144	138	144	138
I	145	157	139	137	145	146	145	145	145	139	145	146	150	145	139	145	139
L	146	158	140	138	146	147	146	146	146	140	146	147	151	146	140	146	140
V	147	159	141	139	147	148	147	147	147	141	147	148	152	147	141	147	141
T	148	160	142	140	148	149	148	148	148	142	148	149	153	148	142	148	142
Y	149	161	143	141	149	150	149	149	149	143	149	150	154	149	143	149	143
N	150	162	144	142	150	151	150	150	150	144	150	151	155	150	144	150	144
C	151	163	145	143	151	152	151	151	151	145	151	152	156	151	145	151	145
C	152	164	146	144	152	153	152	152	152	146	152	153	157	152	146	152	146
D	153	165	147	145	153	154	153	153	153	147	153	154	158	153	147	153	147
D	154	166	148	146	154	155	154	154	154	148	154	155	0	154	148	154	148
D	155	167	149	147	155	156	155	155	155	149	155	156	159	155	149	155	149
Y	156	168	150	148	156	157	156	156	156	150	156	157	160	156	150	156	150
F	157	169	151	149	157	158	157	157	157	151	157	158	161	157	151	157	151
N	158	175	152	150	158	159	158	158	158	152	158	159	167	158	152	158	152
K	159	176	153	151	159	160	159	159	159	153	159	160	168	159	153	159	153
K	160	177	154	152	160	161	160	160	160	154	160	161	169	160	154	160	154
D	161	178	155	153	161	162	161	161	161	155	161	162	170	161	155	161	155
W	162	179	156	154	162	163	162	162	162	156	162	163	171	162	156	162	156
Y	163	180	157	155	163	164	163	163	163	157	163	164	172	163	157	163	157
D	164	181	158	156	164	165	164	164	164	158	164	165	173	164	158	164	158
F	165	182	159	157	165	166	165	165	165	159	165	166	174	165	159	165	159
V	166	183	160	158	166	167	166	166	166	160	166	167	175	166	160	166	160
E	167	184	161	159	167	168	167	167	167	161	167	168	176	167	161	167	161
N	168	185	162	160	168	169	168	168	168	162	168	169	177	168	162	168	162
P	169	186	163	161	169	170	169	169	169	163	169	170	178	169	163	169	163
D	170	187	164	162	170	171	170	170	170	164	170	171	179	170	164	170	164
I	171	188	165	163	171	172	171	171	171	165	171	172	180	171	165	171	165
L	172	189	166	164	172	173	172	172	172	166	172	173	181	172	166	172	166
R	173	190	167	165	173	174	173	173	173	167	173	174	182	173	167	173	167
V	174	191	168	166	174	175	174	174	174	168	174	175	183	174	168	174	168
Y	175	192	169	167	175	176	175	175	175	169	175	176	184	175	169	175	169
A	176	193	170	168	176	177	176	176	176	170	176	177	185	176	170	176	170
N	177	194	171	169	177	178	177	177	177	171	177	178	186	177	171	177	171
L	178	195	172	170	178	179	178	178	178	172	178	179	187	178	172	178	172
G	179	196	173	171	179	180	179	179	179	173	179	180	188	179	173	179	173
E	180	197	174	172	180	181	180	180	180	174	180	181	189	180	174	180	174
R	181	198	175	173	181	182	181	181	181	175	181	182	190	181	175	181	175
V	182	199	176	174	182	183	182	182	182	176	182	183	191	182	176	182	176
R	183	200	177	175	183	184	183	183	183	177	183	184	192	183	177	183	177
Q	184	201	178	176	184	185	184	184	184	178	184	185	193	184	178	184	178
A	185	202	179	177	185	186	185	185	185	179	185	186	194	185	179	185	179
L	186	203	180	178	186	187	186	186	186	180	186	187	195	186	180	186	180
L	187	204	181	179	187	188	187	187	187	181	187	188	196	187	181	187	181
K	188	205	182	180	188	189	188	188	188	182	188	189	197	188	182	188	182
T	189	206	183	181	189	190	189	189	189	183	189	190	198	189	183	189	183
V	190	207	184	182	190	191	190	190	190	184	190	191	199	190	184	190	184
Q	191	208	185	183	191	192	191	191	191	185	191	192	200	191	185	191	185
F	192	209	186	184	192	193	192	192	192	186	192	193	201	192	186	192	186
C	193	210	187	185	193	194	193	193	193	187	193	194	202	193	187	193	187
D	194	211	188	186	194	195	194	194	194	188	194	195	203	194	188	194	188
A	195	212	189	187	195	196	195	195	195	189	195	196	204	195	189	195	189
M	196	213	190	188	196	197	196	196	196	190	196	197	205	196	190	196	190
R	197	214	191	189	197	198	197	197	197	191	197	198	206	197	191	197	191
N	198	215	192	190	198	199	198	198	198	192	198	199	207	198	192	198	192
A	199	216	193	191	199	200	199	199	199	193	199	200	208	199	193	199	193
G	200	217	194	192	200	201	200	200	200	194	200	201	209	200	194	200	194
I	201	218	195	193	201	202	201	201	201	195	201	202	210	201	195	201	195
V	202	219	196	194	202	203	202	202	202	196	202	203	211	202	196	202	196
G	203	220	197	195	203	204	203	203	203	197	203	204	212	203	197	203	197
V	204	221	198	196	204	205	204	204	204	198	204	205	213	204	198	204	198
L	205	222	199	197	205	206	205	205	205	199	205	206	214	205	199	205	199
T	206	223	200	198	206	207	206	206	206	200	206	207	215	206	200	206	200
L	207	224	201	199	207	208	207	207	207	201	207	208	216	207	201	207	201
D	208	225	202	200	208	209	208	208	208	202	208	209	217	208	202	208	202
N	209	226	203	201	209	210	209	209	209	203	209	210	218	209	203	209	203
Q	210	227	204	202	210	211	210	210	210	204	210	211	219	210	204	210	204
D	211	228	205	203	211	212	211	211	211	205	211	212	220	211	205	211	205
L	212	229	206	204	212	213	212	212	212	206	212	213	221	212	206	212	206
N	213	230	207	205	213	214	213	213	213	207	213	214	222	213	207	213	207
G	214	231	208	206	214	215	214	214	214	208	214	215	223	214	208	214	208
N	215	232	209	207	215	216	215	215	215	209	215	216	224	215	209	215	209
W	216	233	210	208	216	217	216	216	216	210	216	217	225	216	210	216	210
Y	217	234	211	209	217	218	217	217	217	211	217	218	226	217	211	217	211
D	218	235	212	210	218	219	218	218	218	212	218	219	227	218	212	218	212
F	219	236	213	211	219	220	219	219	219	213	219	220	228	219	213	219	213
G	220	237	214	212	220	221	220	220	220	214	220	221	229	220	214	220	214
D	221	238	215	213	221	222	221	221	221	215	221	222	230	221	215	221	215
F	222	239	216	214	222	223	222	222	222	216	222	223	231	222	216	222	216
I	223	240	217	215	223	224	223	223	223	217	223	224	232	223	217	223	217
Q	224	241	218	216	224	225	224	224	224	218	224	225	233	224	218	224	218
T	225	242	219	217	225	226	225	225	225	219	225	226	234	225	219	225	219
T	226	243	220	218	226	227	226	226	226	220	226	227	235	226	220	226	220
P	227	244	221	219	227	228	227	227	227	221	227	228	236	227	221	227	221
G	228	245	222	220	228	229	228	228	228	222	228	229	237	228	222	228	222
S	229	246	223	221	229	230	229	229	229	223	229	230	238	229	223	229	223
G	230	247	224	222	230	231	230	230	230	224	230	231	239	230	224	230	224
V	231	248	225	223	231	232	231	231	231	225	231	232	240	231	225	231	225
P	232	249	226	224	232	233	232	232	232	226	232	233	241	232	226	232	226
V	233	250	227	225	233	234	233	233	233	227	233	234	242	233	227	233	227
V	234	251	228	226	234	235	234	234	234	228	234	235	243	234	228	234	228
D	235	252	229	227	235	236	235	235	235	229	235	236	244	235	229	235	229
S	236	253	230	228	236	237	236	236	236	230	236	237	245	236	230	236	230
Y	237	254	231	229	237	238	237	237	237	231	237	238	246	237	231	237	231
Y	238	255	232	230	238	239	238	238	238	232	238	239	247	238	232	238	232
S	239	256	233	231	239	240	239	239	239	233	239	240	248	239	233	239	233
L	240	257	234	232	240	241	240	240	240	234	240	241	249	240	234	240	234
L	241	258	235	233	241	242	241	241	241	235	241	242	250	241	235	241	235
M	242	259	236	234	242	243	242	242	242	236	242	243	251	242	236	242	236
P	243	260	237	235	243	244	243	243	243	237	243	244	252	243	237	243	237
I	244	261	238	236	244	245	244	244	244	238	244	245	253	244	238	244	238
L	245	262	239	237	245	246	245	245	245	239	245	246	254	245	239	245	239
T	246	263	240	238	246	247	246	246	246	240	246	247	255	246	240	246	240
L	247	264	241	239	247	248	247	247	247	241	247	248	256	247	241	247	241
T	248	265	242	240	248	249	248	248	248	242	248	249	257	248	242	248	242
R	249	266	243	241	249	250	249	249	249	243	249	250	258	249	243	249	243
A	250	267	244	242	250	251	250	250	250	244	250	251	259	250	244	250	244
L	251	268	245	243	251	252	251	251	251	245	251	252	260	251	245	251	245
T	252	269	246	244	252	253	252	252	252	246	252	253	261	252	246	252	246
A	253	270	247	245	253	254	253	253	253	247	253	254	262	253	247	253	247
E	254	271	248	246	254	255	254	254	254	248	254	255	263	254	248	254	248
S	255	272	249	247	255	256	255	255	255	249	255	256	264	255	249	255	249
H	256	273	250	248	256	257	256	256	256	250	256	257	265	256	250	256	250
V	257	274	251	249	257	258	257	257	257	251	257	258	266	257	251	257	251
D	258	275	252	250	258	259	258	258	258	252	258	259	267	258	252	258	252
T	259	276	253	251	0	260	259	0	259	253	0	260	268	0	253	259	253
D	260	277	254	252	0	261	260	0	260	254	0	261	269	0	254	260	254
L	261	278	255	253	0	262	261	0	261	255	0	262	270	0	255	261	255
T	262	280	257	254	0	263	262	0	262	257	0	263	271	0	257	262	257
K	263	281	258	255	259	264	263	259	263	258	259	264	272	259	258	263	258
P	264	282	259	256	260	265	264	260	264	259	260	265	273	260	259	264	259
Y	265	283	260	257	261	266	265	261	265	260	261	266	274	261	260	265	260
I	266	284	261	258	262	267	266	262	266	261	262	267	275	262	261	266	261
K	267	285	262	259	263	268	267	263	267	262	263	268	276	263	262	267	262
W	268	286	263	260	264	269	268	264	268	263	264	269	277	264	263	268	263
D	269	287	264	261	265	270	269	265	269	264	265	270	278	265	264	269	264
L	270	288	265	262	266	271	270	266	270	265	266	271	279	266	265	270	265
L	271	289	266	263	267	272	271	267	271	266	267	272	280	267	266	271	266
K	272	290	267	264	268	273	272	268	272	267	268	273	281	268	267	272	267
Y	273	291	268	265	269	274	273	269	273	268	269	274	282	269	268	273	268
D	274	292	269	266	270	275	274	270	274	269	270	275	283	270	269	274	269
F	275	293	270	267	271	276	275	271	275	270	271	276	284	271	270	275	270
T	276	294	271	268	272	277	276	272	276	271	272	277	285	272	271	276	271
E	277	295	272	269	273	278	277	273	277	272	273	278	286	273	272	277	272
E	278	296	273	270	274	279	278	274	278	273	274	279	287	274	273	278	273
R	279	297	274	271	275	280	279	275	279	274	275	280	288	275	274	279	274
L	280	298	275	272	276	281	280	276	280	275	276	281	289	276	275	280	275
K	281	299	276	273	277	282	281	277	281	276	277	282	290	277	276	281	276
L	282	300	277	274	278	283	282	278	282	277	278	283	291	278	277	282	277
F	283	301	278	275	279	284	283	279	283	278	279	284	292	279	278	283	278
D	284	302	279	276	280	285	284	280	284	279	280	285	293	280	279	284	279
R	285	303	280	277	281	286	285	281	285	280	281	286	294	281	280	285	280
Y	286	304	281	278	282	287	286	282	286	281	282	287	295	282	281	286	281
F	287	305	282	279	283	288	287	283	287	282	283	288	296	283	282	287	282
K	288	306	283	280	284	289	288	284	288	283	284	289	297	284	283	288	283
Y	289	307	284	281	285	290	289	285	289	284	285	290	298	285	284	289	284
W	290	308	285	282	286	291	290	286	290	285	286	291	299	286	285	290	285
D	291	309	286	283	287	292	291	287	291	286	287	292	300	287	286	291	286
Q	292	310	287	284	288	293	292	288	292	287	288	293	301	288	287	292	287
T	293	311	288	285	289	294	293	289	293	288	289	294	302	289	288	293	288
Y	294	312	289	286	290	295	294	290	294	289	290	295	303	290	289	294	289
H	295	313	290	287	291	296	295	291	295	290	291	296	304	291	290	295	290
P	296	314	291	288	292	297	296	292	296	291	292	297	305	292	291	296	291
N	297	315	292	289	293	298	297	293	297	292	293	298	306	293	292	297	292
C	298	316	293	290	294	299	298	294	298	293	294	299	307	294	293	298	293
V	299	317	294	291	295	300	299	295	299	294	295	300	308	295	294	299	294
N	300	318	295	292	296	301	300	296	300	295	296	301	309	296	295	300	295
C	301	319	296	293	297	302	301	297	301	296	297	302	310	297	296	301	296
L	302	320	297	294	298	303	302	298	302	297	298	303	311	298	297	302	297
D	303	321	298	295	299	304	303	299	303	298	299	304	312	299	298	303	298
D	304	322	299	296	300	305	304	300	304	299	300	305	313	300	299	304	299
R	305	323	300	297	301	306	305	301	305	300	301	306	314	301	300	305	300
C	306	324	301	298	302	307	306	302	306	301	302	307	315	302	301	306	301
I	307	325	302	299	303	308	307	303	307	302	303	308	316	303	302	307	302
L	308	326	303	300	304	309	308	304	308	303	304	309	317	304	303	308	303
H	309	327	304	301	305	310	309	305	309	304	305	310	318	305	304	309	304
C	310	328	305	302	306	311	310	306	310	305	306	311	319	306	305	310	305
A	311	329	306	303	307	312	311	307	311	306	307	312	320	307	306	311	306
N	312	330	307	304	308	313	312	308	312	307	308	313	321	308	307	312	307
F	313	331	308	305	309	314	313	309	313	308	309	314	322	309	308	313	308
N	314	332	309	306	310	315	314	310	314	309	310	315	323	310	309	314	309
V	315	333	310	307	311	316	315	311	315	310	311	316	324	311	310	315	310
L	316	334	311	308	312	317	316	312	316	311	312	317	325	312	311	316	311
F	317	335	312	309	313	318	317	313	317	312	313	318	326	313	312	317	312
S	318	336	313	310	314	319	318	314	318	313	314	319	327	314	313	318	313
T	319	337	314	311	315	320	319	315	319	314	315	320	328	315	314	319	314
V	320	338	315	312	316	321	320	316	320	315	316	321	329	316	315	320	315
F	321	339	316	313	317	322	321	317	321	316	317	322	330	317	316	321	316
P	322	340	317	314	318	323	322	318	322	317	318	323	331	318	317	322	317
P	323	341	318	315	319	324	323	319	323	318	319	324	332	319	318	323	318
T	324	342	319	316	320	325	324	320	324	319	320	325	333	320	319	324	319
S	325	343	320	317	321	326	325	321	325	320	321	326	334	321	320	325	320
F	326	344	321	318	322	327	326	322	326	321	322	327	335	322	321	326	321
G	327	345	322	319	323	328	327	323	327	322	323	328	336	323	322	327	322
P	328	346	323	320	324	329	328	324	328	323	324	329	337	324	323	328	323
L	329	347	324	321	325	330	329	325	329	324	325	330	338	325	324	329	324
V	330	348	325	322	326	331	330	326	330	325	326	331	339	326	325	330	325
R	331	349	326	323	327	332	331	327	331	326	327	332	340	327	326	331	326
K	332	350	327	324	328	333	332	328	332	327	328	333	341	328	327	332	327
I	333	351	328	325	329	334	333	329	333	328	329	334	342	329	328	333	328
F	334	352	329	326	330	335	334	330	334	329	330	335	343	330	329	334	329
V	335	353	330	327	331	336	335	331	335	330	331	336	344	331	330	335	330
D	336	354	331	328	332	337	336	332	336	331	332	337	345	332	331	336	331
G	337	355	332	329	333	338	337	333	337	332	333	338	346	333	332	337	332
V	338	356	333	330	334	339	338	334	338	333	334	339	347	334	333	338	333
P	339	357	334	331	335	340	339	335	339	334	335	340	348	335	334	339	334
F	340	358	335	332	336	341	340	336	340	335	336	341	349	336	335	340	335
V	341	359	336	333	337	342	341	337	341	336	337	342	350	337	336	341	336
V	342	360	337	334	338	343	342	338	342	337	338	343	351	338	337	342	337
S	343	361	338	335	339	344	343	339	343	338	339	344	352	339	338	343	338
T	344	362	339	336	340	345	344	340	344	339	340	345	353	340	339	344	339
G	345	363	340	337	341	346	345	341	345	340	341	346	354	341	340	345	340
Y	346	364	341	338	342	347	346	342	346	341	342	347	355	342	341	346	341
H	347	365	342	339	343	348	347	343	347	342	343	348	356	343	342	347	342
F	348	366	343	340	344	349	348	344	348	343	344	349	357	344	343	348	343
R	349	367	344	341	345	350	349	345	349	344	345	350	358	345	344	349	344
E	350	368	345	342	346	351	350	346	350	345	346	351	359	346	345	350	345
L	351	369	346	343	347	352	351	347	351	346	347	352	360	347	346	351	346
G	352	370	347	344	348	353	352	348	352	347	348	353	361	348	347	352	347
V	353	371	348	345	349	354	353	349	353	348	349	354	362	349	348	353	348
V	354	372	349	346	350	355	354	350	354	349	350	355	363	350	349	354	349
H	355	373	350	347	351	356	355	351	355	350	351	356	364	351	350	355	350
N	356	374	351	348	352	357	356	352	356	351	352	357	365	352	351	356	351
Q	357	375	352	349	353	358	357	353	357	352	353	358	366	353	352	357	352
D	358	376	353	350	354	359	358	354	358	353	354	359	367	354	353	358	353
V	359	377	354	351	355	360	359	355	359	354	355	360	368	355	354	359	354
N	360	378	355	352	356	361	360	356	360	355	356	361	369	356	355	360	355
L	361	379	356	353	357	362	361	357	361	356	357	362	370	357	356	361	356
H	362	380	357	354	358	363	362	358	362	357	358	363	371	358	357	362	357
S	363	381	358	355	359	364	363	359	363	358	359	364	372	359	358	363	358
S	364	382	359	356	360	365	364	360	364	359	360	365	373	360	359	364	359
R	365	383	360	357	361	366	365	361	365	360	361	366	374	361	360	365	360
L	366	384	361	358	362	367	366	362	366	361	362	367	375	362	361	366	361
S	367	385	362	359	363	368	367	363	367	362	363	368	376	363	362	367	362
F	368	386	363	360	364	369	368	364	368	363	364	369	377	364	363	368	363
K	369	387	364	361	365	370	369	365	369	364	365	370	378	365	364	369	364
E	370	388	365	362	366	371	370	366	370	365	366	371	379	366	365	370	365
L	371	389	366	363	367	372	371	367	371	366	367	372	380	367	366	371	366
L	372	390	367	364	368	373	372	368	372	367	368	373	381	368	367	372	367
V	373	391	368	365	369	374	373	369	373	368	369	374	382	369	368	373	368
Y	374	392	369	366	370	375	374	370	374	369	370	375	383	370	369	374	369
A	375	393	370	367	371	376	375	371	375	370	371	376	384	371	370	375	370
A	376	394	371	368	372	377	376	372	376	371	372	377	385	372	371	376	371
D	377	395	372	369	373	378	377	373	377	372	373	378	386	373	372	377	372
P	378	396	373	370	374	379	378	374	378	373	374	379	387	374	373	378	373
A	379	397	374	371	375	380	379	375	379	374	375	380	388	375	374	379	374
M	380	398	375	372	376	381	380	376	380	375	376	381	389	376	375	380	375
H	381	399	376	373	377	382	381	377	381	376	377	382	390	377	376	381	376
A	382	400	377	374	378	383	382	378	382	377	378	383	391	378	377	382	377
A	383	401	378	375	379	384	383	379	383	378	379	384	392	379	378	383	378
S	384	402	379	376	380	385	384	380	384	379	380	385	393	380	379	384	379
G	385	403	380	377	381	386	385	381	385	380	381	386	394	381	380	385	380
N	386	404	381	378	382	387	386	382	386	381	382	387	395	382	381	386	381
L	387	405	382	379	383	388	387	383	387	382	383	388	396	383	382	387	382
L	388	406	383	380	384	389	388	384	388	383	384	389	397	384	383	388	383
L	389	407	384	381	385	390	389	385	389	384	385	390	398	385	384	389	384
D	390	408	385	382	386	391	390	386	390	385	386	391	399	386	385	390	385
K	391	409	386	383	387	392	391	387	391	386	387	392	400	387	386	391	386
R	392	410	387	384	388	393	392	388	392	387	388	393	401	388	387	392	387
T	393	411	388	385	389	394	393	389	393	388	389	394	402	389	388	393	388
T	394	412	389	386	390	395	394	390	394	389	390	395	403	390	389	394	389
C	395	413	390	387	391	396	395	391	395	390	391	396	404	391	390	395	390
F	396	414	391	388	392	397	396	392	396	391	392	397	405	392	391	396	391
S	397	415	392	389	393	398	397	393	397	392	393	398	406	393	392	397	392
V	398	416	393	390	394	399	398	394	398	393	394	399	407	394	393	398	393
A	399	417	394	391	395	400	399	395	399	394	395	400	408	395	394	399	394
A	400	418	395	392	396	401	400	396	400	395	396	401	409	396	395	400	395
L	401	419	396	393	397	402	401	397	401	396	397	402	410	397	396	401	396
T	402	420	397	394	398	403	402	398	402	397	398	403	411	398	397	402	397
N	403	421	398	395	399	404	403	399	403	398	399	404	412	399	398	403	398
N	404	422	399	396	400	405	404	400	404	399	400	405	413	400	399	404	399
V	405	423	400	397	401	406	405	401	405	400	401	406	414	401	400	405	400
A	406	424	401	398	402	407	406	402	406	401	402	407	415	402	401	406	401
F	407	425	402	399	403	408	407	403	407	402	403	408	416	403	402	407	402
Q	408	426	403	400	404	409	408	404	408	403	404	409	417	404	403	408	403
T	409	427	404	401	405	410	409	405	409	404	405	410	418	405	404	409	404
V	410	428	405	402	406	411	410	406	410	405	406	411	419	406	405	410	405
K	411	429	406	403	407	412	411	407	411	406	407	412	420	407	406	411	406
P	412	430	407	404	408	413	412	408	412	407	408	413	421	408	407	412	407
G	413	431	408	405	409	414	413	409	413	408	409	414	422	409	408	413	408
N	414	432	409	406	410	415	414	410	414	409	410	415	423	410	409	414	409
F	415	433	410	407	411	416	415	411	415	410	411	416	424	411	410	415	410
N	416	434	411	408	412	417	416	412	416	411	412	417	425	412	411	416	411
K	417	435	412	409	413	418	417	413	417	412	413	418	426	413	412	417	412
D	418	436	413	410	414	419	418	414	418	413	414	419	427	414	413	418	413
F	419	437	414	411	415	420	419	415	419	414	415	420	428	415	414	419	414
Y	420	438	415	412	416	421	420	416	420	415	416	421	429	416	415	420	415
D	421	439	416	413	417	422	421	417	421	416	417	422	430	417	416	421	416
F	422	440	417	414	418	423	422	418	422	417	418	423	431	418	417	422	417
A	423	441	418	415	419	424	423	419	423	418	419	424	432	419	418	423	418
V	424	442	419	416	420	425	424	420	424	419	420	425	433	420	419	424	419
S	425	443	420	417	421	426	425	421	425	420	421	426	434	421	420	425	420
K	426	444	421	418	422	427	426	422	426	421	422	427	435	422	421	426	421
G	427	445	422	419	423	428	427	423	427	422	423	428	436	423	422	427	422
F	428	446	423	420	424	429	428	424	428	423	424	429	437	424	423	428	423
F	429	447	424	421	425	430	429	425	429	424	425	430	438	425	424	429	424
K	430	448	425	422	426	431	430	426	430	425	426	431	439	426	425	430	425
E	431	449	426	423	427	432	431	427	431	426	427	432	440	427	426	431	426
G	432	450	427	424	428	433	432	428	432	427	428	433	441	428	427	432	427
S	433	451	428	425	429	434	433	429	433	428	429	434	442	429	428	433	428
S	434	452	429	426	430	435	434	430	434	429	430	435	443	430	429	434	429
V	435	453	430	427	431	436	435	431	435	430	431	436	444	431	430	435	430
E	436	454	431	428	432	437	436	432	436	431	432	437	445	432	431	436	431
L	437	455	432	429	433	438	437	433	437	432	433	438	446	433	432	437	432
K	438	456	433	430	434	439	438	434	438	433	434	439	447	434	433	438	433
H	439	457	434	431	435	440	439	435	439	434	435	440	448	435	434	439	434
F	440	458	435	432	436	441	440	436	440	435	436	441	449	436	435	440	435
F	441	459	436	433	437	442	441	437	441	436	437	442	450	437	436	441	436
F	442	460	437	434	438	443	442	438	442	437	438	443	451	438	437	442	437
A	443	461	438	435	439	444	443	439	443	438	439	444	452	439	438	443	438
Q	444	462	439	436	440	445	444	440	444	439	440	445	453	440	439	444	439
D	445	463	440	437	441	446	445	441	445	440	441	446	454	441	440	445	440
G	446	464	441	438	442	447	446	442	446	441	442	447	455	442	441	446	441
N	447	465	442	439	443	448	447	443	447	442	443	448	456	443	442	447	442
A	448	466	443	440	444	449	448	444	448	443	444	449	457	444	443	448	443
A	449	467	444	441	445	450	449	445	449	444	445	450	458	445	444	449	444
I	450	468	445	442	446	451	450	446	450	445	446	451	459	446	445	450	445
S	451	469	446	443	447	452	451	447	451	446	447	452	460	447	446	451	446
D	452	470	447	444	448	453	452	448	452	447	448	453	461	448	447	452	447
Y	453	471	448	445	449	454	453	449	453	448	449	454	462	449	448	453	448
D	454	472	449	446	450	455	454	450	454	449	450	455	463	450	449	454	449
Y	455	473	450	447	451	456	455	451	455	450	451	456	464	451	450	455	450
Y	456	474	451	448	452	457	456	452	456	451	452	457	465	452	451	456	451
R	457	475	452	449	453	458	457	453	457	452	453	458	466	453	452	457	452
Y	458	476	453	450	454	459	458	454	458	453	454	459	467	454	453	458	453
N	459	477	454	451	455	460	459	455	459	454	455	460	468	455	454	459	454
L	460	478	455	452	456	461	460	456	460	455	456	461	469	456	455	460	455
P	461	479	456	453	457	462	461	457	461	456	457	462	470	457	456	461	456
T	462	480	457	454	458	463	462	458	462	457	458	463	471	458	457	462	457
M	463	481	458	455	459	464	463	459	463	458	459	464	472	459	458	463	458
C	464	482	459	456	460	465	464	460	464	459	460	465	473	460	459	464	459
D	465	483	460	457	461	466	465	461	465	460	461	466	474	461	460	465	460
I	466	484	461	458	462	467	466	462	466	461	462	467	475	462	461	466	461
R	467	485	462	459	463	468	467	463	467	462	463	468	476	463	462	467	462
Q	468	486	463	460	464	469	468	464	468	463	464	469	477	464	463	468	463
L	469	487	464	461	465	470	469	465	469	464	465	470	478	465	464	469	464
L	470	488	465	462	466	471	470	466	470	465	466	471	479	466	465	470	465
F	471	489	466	463	467	472	471	467	471	466	467	472	480	467	466	471	466
V	472	490	467	464	468	473	472	468	472	467	468	473	481	468	467	472	467
V	473	491	468	465	469	474	473	469	473	468	469	474	482	469	468	473	468
E	474	492	469	466	470	475	474	470	474	469	470	475	483	470	469	474	469
V	475	493	470	467	471	476	475	471	475	470	471	476	484	471	470	475	470
V	476	494	471	468	472	477	476	472	476	471	472	477	485	472	471	476	471
D	477	495	472	469	473	478	477	473	477	472	473	478	486	473	472	477	472
K	478	496	473	470	474	479	478	474	478	473	474	479	487	474	473	478	473
Y	479	497	474	471	475	480	479	475	479	474	475	480	488	475	474	479	474
F	480	498	475	472	476	481	480	476	480	475	476	481	489	476	475	480	475
D	481	499	476	473	477	482	481	477	481	476	477	482	490	477	476	481	476
C	482	500	477	474	478	483	482	478	482	477	478	483	491	478	477	482	477
Y	483	501	478	475	479	484	483	479	483	478	479	484	492	479	478	483	478
D	484	502	479	476	480	485	484	480	484	479	480	485	493	480	479	484	479
G	485	503	480	477	481	486	485	481	485	480	481	486	494	481	480	485	480
G	486	504	481	478	482	487	486	482	486	481	482	487	495	482	481	486	481
C	487	505	482	479	483	488	487	483	487	482	483	488	496	483	482	487	482
I	488	506	483	480	484	489	488	484	488	483	484	489	497	484	483	488	483
N	489	507	484	481	485	490	489	485	489	484	485	490	498	485	484	489	484
A	490	508	485	482	486	491	490	486	490	485	486	491	499	486	485	490	485
N	491	509	486	483	487	492	491	487	491	486	487	492	500	487	486	491	486
Q	492	510	487	484	488	493	492	488	492	487	488	493	501	488	487	492	487
V	493	511	488	485	489	494	493	489	493	488	489	494	502	489	488	493	488
I	494	512	489	486	490	495	494	490	494	489	490	495	503	490	489	494	489
V	495	513	490	487	491	496	495	491	495	490	491	496	504	491	490	495	490
N	496	514	491	488	492	497	496	492	496	491	492	497	505	492	491	496	491
N	497	515	492	489	493	498	497	493	497	492	493	498	506	493	492	497	492
L	498	516	493	490	494	499	498	494	498	493	494	499	507	494	493	498	493
D	499	517	494	491	495	500	499	495	499	494	495	500	508	495	494	499	494
K	500	518	495	492	496	501	500	496	500	495	496	501	509	496	495	500	495
S	501	519	496	493	497	502	501	497	501	496	497	502	510	497	496	501	496
A	502	520	497	494	498	503	502	498	502	497	498	503	511	498	497	502	497
G	503	521	498	495	499	504	503	499	503	498	499	504	512	499	498	503	498
F	504	522	499	496	500	505	504	500	504	499	500	505	513	500	499	504	499
P	505	523	500	497	501	506	505	501	505	500	501	506	514	501	500	505	500
F	506	524	501	498	502	507	506	502	506	501	502	507	515	502	501	506	501
N	507	525	502	499	503	508	507	503	507	502	503	508	516	503	502	507	502
K	508	526	503	500	504	509	508	504	508	503	504	509	517	504	503	508	503
W	509	527	504	501	505	510	509	505	509	504	505	510	518	505	504	509	504
G	510	528	505	502	506	511	510	506	510	505	506	511	519	506	505	510	505
K	511	529	506	503	507	512	511	507	511	506	507	512	520	507	506	511	506
A	512	530	507	504	508	513	512	508	512	507	508	513	521	508	507	512	507
R	513	531	508	505	509	514	513	509	513	508	509	514	522	509	508	513	508
L	514	532	509	506	510	515	514	510	514	509	510	515	523	510	509	514	509
Y	515	533	510	507	511	516	515	511	515	510	511	516	524	511	510	515	510
Y	516	534	511	508	512	517	516	512	516	511	512	517	525	512	511	516	511
D	517	535	512	509	513	518	517	513	517	512	513	518	526	513	512	517	512
S	518	536	513	510	514	519	518	514	518	513	514	519	0	514	513	518	513
M	519	537	514	511	515	520	519	515	519	514	515	520	527	515	514	519	514
S	520	538	515	512	516	521	520	516	520	515	516	521	528	516	515	520	515
Y	521	539	516	513	517	522	521	517	521	516	517	522	529	517	516	521	516
E	522	540	517	514	518	523	522	518	522	517	518	523	530	518	517	522	517
D	523	541	518	515	519	524	523	519	523	518	519	524	531	519	518	523	518
Q	524	542	519	516	520	525	524	520	524	519	520	525	532	520	519	524	519
D	525	543	520	517	521	526	525	521	525	520	521	526	533	521	520	525	520
A	526	544	521	518	522	527	526	522	526	521	522	527	534	522	521	526	521
L	527	545	522	519	523	528	527	523	527	522	523	528	535	523	522	527	522
F	528	546	523	520	524	529	528	524	528	523	524	529	536	524	523	528	523
A	529	547	524	521	525	530	529	525	529	524	525	530	537	525	524	529	524
Y	530	548	525	522	526	531	530	526	530	525	526	531	538	526	525	530	525
T	531	549	526	523	527	532	531	527	531	526	527	532	539	527	526	531	526
K	532	550	527	524	528	533	532	528	532	527	528	533	540	528	527	532	527
R	533	551	528	525	529	534	533	529	533	528	529	534	541	529	528	533	528
N	534	552	529	526	530	535	534	530	534	529	530	535	542	530	529	534	529
V	535	553	530	527	531	536	535	531	535	530	531	536	543	531	530	535	530
I	536	554	531	528	532	537	536	532	536	531	532	537	544	532	531	536	531
P	537	555	532	529	533	538	537	533	537	532	533	538	545	533	532	537	532
T	538	556	533	530	534	539	538	534	538	533	534	539	546	534	533	538	533
I	539	557	534	531	535	540	539	535	539	534	535	540	547	535	534	539	534
T	540	558	535	532	536	541	540	536	540	535	536	541	548	536	535	540	535
Q	541	559	536	533	537	542	541	537	541	536	537	542	549	537	536	541	536
M	542	560	537	534	538	543	542	538	542	537	538	543	550	538	537	542	537
N	543	561	538	535	539	544	543	539	543	538	539	544	551	539	538	543	538
L	544	562	539	536	540	545	544	540	544	539	540	545	552	540	539	544	539
K	545	563	540	537	541	546	545	541	545	540	541	546	553	541	540	545	540
Y	546	564	541	538	542	547	546	542	546	541	542	547	554	542	541	546	541
A	547	565	542	539	543	548	547	543	547	542	543	548	555	543	542	547	542
I	548	566	543	540	544	549	548	544	548	543	544	549	556	544	543	548	543
S	549	567	544	541	545	550	549	545	549	544	545	550	557	545	544	549	544
A	550	568	545	542	546	551	550	546	550	545	546	551	558	546	545	550	545
K	551	569	546	543	547	552	551	547	551	546	547	552	559	547	546	551	546
N	552	570	547	544	548	553	552	548	552	547	548	553	560	548	547	552	547
R	553	571	548	545	549	554	553	549	553	548	549	554	561	549	548	553	548
A	554	572	549	546	550	555	554	550	554	549	550	555	562	550	549	554	549
R	555	573	550	547	551	556	555	551	555	550	551	556	563	551	550	555	550
T	556	574	551	548	552	557	556	552	556	551	552	557	564	552	551	556	551
V	557	575	552	549	553	558	557	553	557	552	553	558	565	553	552	557	552
A	558	576	553	550	554	559	558	554	558	553	554	559	566	554	553	558	553
G	559	577	554	551	555	560	559	555	559	554	555	560	567	555	554	559	554
V	560	578	555	552	556	561	560	556	560	555	556	561	568	556	555	560	555
S	561	579	556	553	557	562	561	557	561	556	557	562	569	557	556	561	556
I	562	580	557	554	558	563	562	558	562	557	558	563	570	558	557	562	557
C	563	581	558	555	559	564	563	559	563	558	559	564	571	559	558	563	558
S	564	582	559	556	560	565	564	560	564	559	560	565	572	560	559	564	559
T	565	583	560	557	561	566	565	561	565	560	561	566	573	561	560	565	560
M	566	584	561	558	562	567	566	562	566	561	562	567	574	562	561	566	561
T	567	585	562	559	563	568	567	563	567	562	563	568	575	563	562	567	562
N	568	586	563	560	564	569	568	564	568	563	564	569	576	564	563	568	563
R	569	587	564	561	565	570	569	565	569	564	565	570	577	565	564	569	564
Q	570	588	565	562	566	571	570	566	570	565	566	571	578	566	565	570	565
F	571	589	566	563	567	572	571	567	571	566	567	572	579	567	566	571	566
H	572	590	567	564	568	573	572	568	572	567	568	573	580	568	567	572	567
Q	573	591	568	565	569	574	573	569	573	568	569	574	581	569	568	573	568
K	574	592	569	566	570	575	574	570	574	569	570	575	582	570	569	574	569
L	575	593	570	567	571	576	575	571	575	570	571	576	583	571	570	575	570
L	576	594	571	568	572	577	576	572	576	571	572	577	584	572	571	576	571
K	577	595	572	569	573	578	577	573	577	572	573	578	585	573	572	577	572
S	578	596	573	570	574	579	578	574	578	573	574	579	586	574	573	578	573
I	579	597	574	571	575	580	579	575	579	574	575	580	587	575	574	579	574
A	580	598	575	572	576	581	580	576	580	575	576	581	588	576	575	580	575
A	581	599	576	573	577	582	581	577	581	576	577	582	589	577	576	581	576
T	582	600	577	574	578	583	582	578	582	577	578	583	590	578	577	582	577
R	583	601	578	575	579	584	583	579	583	578	579	584	591	579	578	583	578
G	584	602	579	576	580	585	584	580	584	579	580	585	592	580	579	584	579
A	585	603	580	577	581	586	585	581	585	580	581	586	593	581	580	585	580
T	586	604	581	578	582	587	586	582	586	581	582	587	594	582	581	586	581
V	587	605	582	579	583	588	587	583	587	582	583	588	595	583	582	587	582
V	588	606	583	580	584	589	588	584	588	583	584	589	596	584	583	588	583
I	589	607	584	581	585	590	589	585	589	584	585	590	597	585	584	589	584
G	590	608	585	582	586	591	590	586	590	585	586	591	598	586	585	590	585
T	591	609	586	583	587	592	591	587	591	586	587	592	599	587	586	591	586
S	592	610	587	584	588	593	592	588	592	587	588	593	600	588	587	592	587
K	593	611	588	585	589	594	593	589	593	588	589	594	601	589	588	593	588
F	594	612	589	586	590	595	594	590	594	589	590	595	602	590	589	594	589
Y	595	613	590	587	591	596	595	591	595	590	591	596	603	591	590	595	590
G	596	614	591	588	592	597	596	592	596	591	592	597	604	592	591	596	591
G	597	615	592	589	593	598	597	593	597	592	593	598	605	593	592	597	592
W	598	616	593	590	594	599	598	594	598	593	594	599	606	594	593	598	593
H	599	617	594	591	595	600	599	595	599	594	595	600	607	595	594	599	594
N	600	618	595	592	596	601	600	596	600	595	596	601	608	596	595	600	595
M	601	619	596	593	597	602	601	597	601	596	597	602	609	597	596	601	596
L	602	620	597	594	598	603	602	598	602	597	598	603	610	598	597	602	597
K	603	621	598	595	599	604	603	599	603	598	599	604	611	599	598	603	598
T	604	622	599	596	600	605	604	600	604	599	600	605	612	600	599	604	599
V	605	623	600	597	601	606	605	601	605	600	601	606	613	601	600	605	600
Y	606	624	601	598	602	607	606	602	606	601	602	607	614	602	601	606	601
S	607	625	602	599	603	608	607	603	607	602	603	608	615	603	602	607	602
D	608	626	603	600	604	609	608	604	608	603	604	609	616	604	603	608	603
V	609	627	604	601	605	610	609	605	609	604	605	610	617	605	604	609	604
E	610	628	605	602	606	611	610	606	610	605	606	611	618	606	605	610	605
N	611	629	606	603	607	612	611	607	611	606	607	612	619	607	606	611	606
P	612	630	607	604	608	613	612	608	612	607	608	613	620	608	607	612	607
H	613	631	608	605	609	614	613	609	613	608	609	614	621	609	608	613	608
L	614	632	609	606	610	615	614	610	614	609	610	615	622	610	609	614	609
M	615	633	610	607	611	616	615	611	615	610	611	616	623	611	610	615	610
G	616	634	611	608	612	617	616	612	616	611	612	617	624	612	611	616	611
W	617	635	612	609	613	618	617	613	617	612	613	618	625	613	612	617	612
D	618	636	613	610	614	619	618	614	618	613	614	619	626	614	613	618	613
Y	619	637	614	611	615	620	619	615	619	614	615	620	627	615	614	619	614
P	620	638	615	612	616	621	620	616	620	615	616	621	628	616	615	620	615
K	621	639	616	613	617	622	621	617	621	616	617	622	629	617	616	621	616
C	622	640	617	614	618	623	622	618	622	617	618	623	630	618	617	622	617
D	623	641	618	615	619	624	623	619	623	618	619	624	631	619	618	623	618
R	624	642	619	616	620	625	624	620	624	619	620	625	632	620	619	624	619
A	625	643	620	617	621	626	625	621	625	620	621	626	633	621	620	625	620
M	626	644	621	618	622	627	626	622	626	621	622	627	634	622	621	626	621
P	627	645	622	619	623	628	627	623	627	622	623	628	635	623	622	627	622
N	628	646	623	620	624	629	628	624	628	623	624	629	636	624	623	628	623
M	629	647	624	621	625	630	629	625	629	624	625	630	637	625	624	629	624
L	630	648	625	622	626	631	630	626	630	625	626	631	638	626	625	630	625
R	631	649	626	623	627	632	631	627	631	626	627	632	639	627	626	631	626
I	632	650	627	624	628	633	632	628	632	627	628	633	640	628	627	632	627
M	633	651	628	625	629	634	633	629	633	628	629	634	641	629	628	633	628
A	634	652	629	626	630	635	634	630	634	629	630	635	642	630	629	634	629
S	635	653	630	627	631	636	635	631	635	630	631	636	643	631	630	635	630
L	636	654	631	628	632	637	636	632	636	631	632	637	644	632	631	636	631
V	637	655	632	629	633	638	637	633	637	632	633	638	645	633	632	637	632
L	638	656	633	630	634	639	638	634	638	633	634	639	646	634	633	638	633
A	639	657	634	631	635	640	639	635	639	634	635	640	647	635	634	639	634
R	640	658	635	632	636	641	640	636	640	635	636	641	648	636	635	640	635
K	641	659	636	633	637	642	641	637	641	636	637	642	649	637	636	641	636
H	642	660	637	634	638	643	642	638	642	637	638	643	650	638	637	642	637
T	643	661	638	635	639	644	643	639	643	638	639	644	651	639	638	643	638
T	644	662	639	636	640	645	644	640	644	639	640	645	652	640	639	644	639
C	645	663	640	637	641	646	645	641	645	640	641	646	653	641	640	645	640
C	646	664	641	638	642	647	646	642	646	641	642	647	654	642	641	646	641
S	647	665	642	639	643	648	647	643	647	642	643	648	655	643	642	647	642
L	648	666	643	640	644	649	648	644	648	643	644	649	656	644	643	648	643
S	649	667	644	641	645	650	649	645	649	644	645	650	657	645	644	649	644
H	650	668	645	642	646	651	650	646	650	645	646	651	658	646	645	650	645
R	651	669	646	643	647	652	651	647	651	646	647	652	659	647	646	651	646
F	652	670	647	644	648	653	652	648	652	647	648	653	660	648	647	652	647
Y	653	671	648	645	649	654	653	649	653	648	649	654	661	649	648	653	648
R	654	672	649	646	650	655	654	650	654	649	650	655	662	650	649	654	649
L	655	673	650	647	651	656	655	651	655	650	651	656	663	651	650	655	650
A	656	674	651	648	652	657	656	652	656	651	652	657	664	652	651	656	651
N	657	675	652	649	653	658	657	653	657	652	653	658	665	653	652	657	652
E	658	676	653	650	654	659	658	654	658	653	654	659	666	654	653	658	653
C	659	677	654	651	655	660	659	655	659	654	655	660	667	655	654	659	654
A	660	678	655	652	656	661	660	656	660	655	656	661	668	656	655	660	655
Q	661	679	656	653	657	662	661	657	661	656	657	662	669	657	656	661	656
V	662	680	657	654	658	663	662	658	662	657	658	663	670	658	657	662	657
L	663	681	658	655	659	664	663	659	663	658	659	664	671	659	658	663	658
S	664	682	659	656	660	665	664	660	664	659	660	665	672	660	659	664	659
E	665	683	660	657	661	666	665	661	665	660	661	666	673	661	660	665	660
M	666	684	661	658	662	667	666	662	666	661	662	667	674	662	661	666	661
V	667	685	662	659	663	668	667	663	667	662	663	668	675	663	662	667	662
M	668	686	663	660	664	669	668	664	668	663	664	669	676	664	663	668	663
C	669	687	664	661	665	670	669	665	669	664	665	670	677	665	664	669	664
G	670	688	665	662	666	671	670	666	670	665	666	671	678	666	665	670	665
G	671	689	666	663	667	672	671	667	671	666	667	672	679	667	666	671	666
S	672	690	667	664	668	673	672	668	672	667	668	673	680	668	667	672	667
L	673	691	668	665	669	674	673	669	673	668	669	674	681	669	668	673	668
Y	674	692	669	666	670	675	674	670	674	669	670	675	682	670	669	674	669
V	675	693	670	667	671	676	675	671	675	670	671	676	683	671	670	675	670
K	676	694	671	668	672	677	676	672	676	671	672	677	684	672	671	676	671
P	677	695	672	669	673	678	677	673	677	672	673	678	685	673	672	677	672
G	678	696	673	670	674	679	678	674	678	673	674	679	686	674	673	678	673
G	679	697	674	671	675	680	679	675	679	674	675	680	687	675	674	679	674
T	680	698	675	672	676	681	680	676	680	675	676	681	688	676	675	680	675
S	681	699	676	673	677	682	681	677	681	676	677	682	689	677	676	681	676
S	682	700	677	674	678	683	682	678	682	677	678	683	690	678	677	682	677
G	683	701	678	675	679	684	683	679	683	678	679	684	691	679	678	683	678
D	684	702	679	676	680	685	684	680	684	679	680	685	692	680	679	684	679
A	685	703	680	677	681	686	685	681	685	680	681	686	693	681	680	685	680
T	686	704	681	678	682	687	686	682	686	681	682	687	694	682	681	686	681
T	687	705	682	679	683	688	687	683	687	682	683	688	695	683	682	687	682
A	688	706	683	680	684	689	688	684	688	683	684	689	696	684	683	688	683
Y	689	707	684	681	685	690	689	685	689	684	685	690	697	685	684	689	684
A	690	708	685	682	686	691	690	686	690	685	686	691	698	686	685	690	685
N	691	709	686	683	687	692	691	687	691	686	687	692	699	687	686	691	686
S	692	710	687	684	688	693	692	688	692	687	688	693	700	688	687	692	687
V	693	711	688	685	689	694	693	689	693	688	689	694	701	689	688	693	688
F	694	712	689	686	690	695	694	690	694	689	690	695	702	690	689	694	689
N	695	713	690	687	691	696	695	691	695	690	691	696	703	691	690	695	690
I	696	714	691	688	692	697	696	692	696	691	692	697	704	692	691	696	691
C	697	715	692	689	693	698	697	693	697	692	693	698	705	693	692	697	692
Q	698	716	693	690	694	699	698	694	698	693	694	699	706	694	693	698	693
A	699	717	694	691	695	700	699	695	699	694	695	700	707	695	694	699	694
V	700	718	695	692	696	701	700	696	700	695	696	701	708	696	695	700	695
T	701	719	696	693	697	702	701	697	701	696	697	702	709	697	696	701	696
A	702	720	697	694	698	703	702	698	702	697	698	703	710	698	697	702	697
N	703	721	698	695	699	704	703	699	703	698	699	704	711	699	698	703	698
V	704	722	699	696	700	705	704	700	704	699	700	705	712	700	699	704	699
N	705	723	700	697	701	706	705	701	705	700	701	706	713	701	700	705	700
A	706	724	701	698	702	707	706	702	706	701	702	707	714	702	701	706	701
L	707	725	702	699	703	708	707	703	707	702	703	708	715	703	702	707	702
L	708	726	703	700	704	709	708	704	708	703	704	709	716	704	703	708	703
S	709	727	704	701	705	710	709	705	709	704	705	710	717	705	704	709	704
T	710	728	705	702	706	711	710	706	710	705	706	711	718	706	705	710	705
D	711	729	706	703	707	712	711	707	711	706	707	712	719	707	706	711	706
G	712	730	707	704	708	713	712	708	712	707	708	713	720	708	707	712	707
N	713	731	708	705	709	714	713	709	713	708	709	714	721	709	708	713	708
K	714	732	709	706	710	715	714	710	714	709	710	715	722	710	709	714	709
I	715	733	710	707	711	716	715	711	715	710	711	716	723	711	710	715	710
A	716	734	711	708	712	717	716	712	716	711	712	717	724	712	711	716	711
D	717	735	712	709	713	718	717	713	717	712	713	718	725	713	712	717	712
K	718	736	713	710	714	719	718	714	718	713	714	719	726	714	713	718	713
Y	719	737	714	711	715	720	719	715	719	714	715	720	727	715	714	719	714
V	720	738	715	712	716	721	720	716	720	715	716	721	728	716	715	720	715
R	721	739	716	713	717	722	721	717	721	716	717	722	729	717	716	721	716
N	722	740	717	714	718	723	722	718	722	717	718	723	730	718	717	722	717
L	723	741	718	715	719	724	723	719	723	718	719	724	731	719	718	723	718
Q	724	742	719	716	720	725	724	720	724	719	720	725	732	720	719	724	719
H	725	743	720	717	721	726	725	721	725	720	721	726	733	721	720	725	720
R	726	744	721	718	722	727	726	722	726	721	722	727	734	722	721	726	721
L	727	745	722	719	723	728	727	723	727	722	723	728	735	723	722	727	722
Y	728	746	723	720	724	729	728	724	728	723	724	729	736	724	723	728	723
E	729	747	724	721	725	730	729	725	729	724	725	730	737	725	724	729	724
C	730	748	725	722	726	731	730	726	730	725	726	731	738	726	725	730	725
L	731	749	726	723	727	732	731	727	731	726	727	732	739	727	726	731	726
Y	732	750	727	724	728	733	732	728	732	727	728	733	740	728	727	732	727
R	733	751	728	725	729	734	733	729	733	728	729	734	741	729	728	733	728
N	734	752	729	726	730	735	734	730	734	729	730	735	742	730	729	734	729
R	735	753	730	727	731	736	735	731	735	730	731	736	743	731	730	735	730
D	736	754	731	728	732	737	736	732	736	731	732	737	744	732	731	736	731
V	737	755	732	729	733	738	737	733	737	732	733	738	745	733	732	737	732
D	738	756	733	730	734	739	738	734	738	733	734	739	746	734	733	738	733
T	739	757	734	731	735	740	739	735	739	734	735	740	747	735	734	739	734
D	740	758	735	732	736	741	740	736	740	735	736	741	748	736	735	740	735
F	741	759	736	733	737	742	741	737	741	736	737	742	749	737	736	741	736
V	742	760	737	734	738	743	742	738	742	737	738	743	750	738	737	742	737
N	743	761	738	735	739	744	743	739	743	738	739	744	751	739	738	743	738
E	744	762	739	736	740	745	744	740	744	739	740	745	752	740	739	744	739
F	745	763	740	737	741	746	745	741	745	740	741	746	753	741	740	745	740
Y	746	764	741	738	742	747	746	742	746	741	742	747	754	742	741	746	741
A	747	765	742	739	743	748	747	743	747	742	743	748	755	743	742	747	742
Y	748	766	743	740	744	749	748	744	748	743	744	749	756	744	743	748	743
L	749	767	744	741	745	750	749	745	749	744	745	750	757	745	744	749	744
R	750	768	745	742	746	751	750	746	750	745	746	751	758	746	745	750	745
K	751	769	746	743	747	752	751	747	751	746	747	752	759	747	746	751	746
H	752	770	747	744	748	753	752	748	752	747	748	753	760	748	747	752	747
F	753	771	748	745	749	754	753	749	753	748	749	754	761	749	748	753	748
S	754	772	749	746	750	755	754	750	754	749	750	755	762	750	749	754	749
M	755	773	750	747	751	756	755	751	755	750	751	756	763	751	750	755	750
M	756	774	751	748	752	757	756	752	756	751	752	757	764	752	751	756	751
I	757	775	752	749	753	758	757	753	757	752	753	758	765	753	752	757	752
L	758	776	753	750	754	759	758	754	758	753	754	759	766	754	753	758	753
S	759	777	754	751	755	760	759	755	759	754	755	760	767	755	754	759	754
D	760	778	755	752	756	761	760	756	760	755	756	761	768	756	755	760	755
D	761	779	756	0	757	762	761	757	761	756	757	762	769	757	756	761	756
A	762	780	757	0	758	763	762	758	762	757	758	763	770	758	757	762	757
V	763	781	758	0	759	764	763	759	763	758	759	764	771	759	758	763	758
V	764	782	759	0	760	765	764	760	764	759	760	765	772	760	759	764	759
C	765	783	760	0	761	766	765	761	765	760	761	766	773	761	760	765	760
F	766	784	761	0	762	767	766	762	766	761	762	767	774	762	761	766	761
N	767	785	762	0	763	768	767	763	767	762	763	768	775	763	762	767	762
S	768	786	763	0	764	769	768	764	768	763	764	769	776	764	763	768	763
T	769	787	764	0	765	770	769	765	769	764	765	770	777	765	764	769	764
Y	770	788	765	0	766	771	770	766	770	765	766	771	778	766	765	770	765
A	771	789	766	0	767	772	771	767	771	766	767	772	779	767	766	771	766
S	772	790	767	0	768	773	772	768	772	767	768	773	780	768	767	772	767
Q	773	791	768	0	769	774	773	769	773	768	769	774	781	769	768	773	768
G	774	792	769	0	770	775	774	770	774	769	770	775	782	770	769	774	769
L	775	793	770	0	771	776	775	771	775	770	771	776	783	771	770	775	770
V	776	794	771	0	772	777	776	772	776	771	772	777	784	772	771	776	771
A	777	795	772	0	773	778	777	773	777	772	773	778	785	773	772	777	772
S	778	796	773	0	774	779	778	774	778	773	774	779	786	774	773	778	773
I	779	797	774	0	775	780	779	775	779	774	775	780	787	775	774	779	774
K	780	798	775	0	776	781	780	776	780	775	776	781	788	776	775	780	775
N	781	799	776	0	777	782	781	777	781	776	777	782	789	777	776	781	776
F	782	800	777	0	778	783	782	778	782	777	778	783	790	778	777	782	777
K	783	801	778	0	779	784	783	779	783	778	779	784	791	779	778	783	778
S	784	802	779	0	780	785	784	780	784	779	780	785	792	780	779	784	779
V	785	803	780	0	781	786	785	781	785	780	781	786	793	781	780	785	780
L	786	804	781	0	782	787	786	782	786	781	782	787	794	782	781	786	781
Y	787	805	782	0	783	788	787	783	787	782	783	788	795	783	782	787	782
Y	788	806	783	0	784	789	788	784	788	783	784	789	796	784	783	788	783
Q	789	807	784	0	785	790	789	785	789	784	785	790	797	785	784	789	784
N	790	808	785	0	786	791	790	786	790	785	786	791	798	786	785	790	785
N	791	809	786	0	787	792	791	787	791	786	787	792	799	787	786	791	786
V	792	810	787	0	788	793	792	788	792	787	788	793	800	788	787	792	787
F	793	811	788	0	789	794	793	789	793	788	789	794	801	789	788	793	788
M	794	812	789	0	790	795	794	790	794	789	790	795	802	790	789	794	789
S	795	813	790	0	791	796	795	791	795	790	791	796	803	791	790	795	790
E	796	814	791	0	792	797	796	792	796	791	792	797	804	792	791	796	791
A	797	815	792	0	793	798	797	793	797	792	793	798	805	793	792	797	792
K	798	816	793	0	794	799	798	794	798	793	794	799	806	794	793	798	793
C	799	817	794	0	795	800	799	795	799	794	795	800	807	795	794	799	794
W	800	818	795	0	796	801	800	796	800	795	796	801	808	796	795	800	795
T	801	819	796	0	797	802	801	797	801	796	797	802	809	797	796	801	796
E	802	820	797	0	798	803	802	798	802	797	798	803	810	798	797	802	797
T	803	821	798	0	799	804	803	799	803	798	799	804	811	799	798	803	798
D	804	822	799	0	800	805	804	800	804	799	800	805	812	800	799	804	799
L	805	823	800	0	801	806	805	801	805	800	801	806	813	801	800	805	800
T	806	824	801	0	802	807	806	802	806	801	802	807	814	802	801	806	801
K	807	825	802	0	803	808	807	803	807	802	803	808	815	803	802	807	802
G	808	826	803	0	804	809	808	804	808	803	804	809	816	804	803	808	803
P	809	827	804	0	805	810	809	805	809	804	805	810	817	805	804	809	804
H	810	828	805	0	806	811	810	806	810	805	806	811	818	806	805	810	805
E	811	829	806	0	807	812	811	807	811	806	807	812	819	807	806	811	806
F	812	830	807	0	808	813	812	808	812	807	808	813	820	808	807	812	807
C	813	831	808	0	809	814	813	809	813	808	809	814	821	809	808	813	808
S	814	832	809	0	810	815	814	810	814	809	810	815	822	810	809	814	809
Q	815	833	810	0	811	816	815	811	815	810	811	816	823	811	810	815	810
H	816	834	811	0	812	817	816	812	816	811	812	817	824	812	811	816	811
T	817	835	812	0	813	818	817	813	817	812	813	818	825	813	812	817	812
M	818	836	813	0	814	819	818	814	818	813	814	819	826	814	813	818	813
L	819	837	814	0	815	820	819	815	819	814	815	820	827	815	814	819	814
V	820	838	815	0	816	821	820	816	820	815	816	821	828	816	815	820	815
K	821	839	816	0	817	822	821	817	821	816	817	822	829	817	816	821	816
Q	822	840	817	0	818	823	822	818	822	817	818	823	830	818	817	822	817
G	823	841	818	0	819	824	823	819	823	818	819	824	831	819	818	823	818
D	824	842	819	0	820	825	824	820	824	819	820	825	832	820	819	824	819
D	825	843	820	0	821	826	825	821	825	820	821	826	833	821	820	825	820
Y	826	844	821	0	822	827	826	822	826	821	822	827	834	822	821	826	821
V	827	845	822	0	823	828	827	823	827	822	823	828	835	823	822	827	822
Y	828	846	823	0	824	829	828	824	828	823	824	829	836	824	823	828	823
L	829	847	824	0	825	830	829	825	829	824	825	830	837	825	824	829	824
P	830	848	825	0	826	831	830	826	830	825	826	831	838	826	825	830	825
Y	831	849	826	0	827	832	831	827	831	826	827	832	839	827	826	831	826
P	832	850	827	0	828	833	832	828	832	827	828	833	840	828	827	832	827
D	833	851	828	0	829	834	833	829	833	828	829	834	841	829	828	833	828
P	834	852	829	0	830	835	834	830	834	829	830	835	842	830	829	834	829
S	835	853	830	0	831	836	835	831	835	830	831	836	843	831	830	835	830
R	836	854	831	0	832	837	836	832	836	831	832	837	844	832	831	836	831
I	837	855	832	0	833	838	837	833	837	832	833	838	845	833	832	837	832
L	838	856	833	0	834	839	838	834	838	833	834	839	846	834	833	838	833
G	839	857	834	0	835	840	839	835	839	834	835	840	847	835	834	839	834
A	840	858	835	0	836	841	840	836	840	835	836	841	848	836	835	840	835
G	841	859	836	0	837	842	841	837	841	836	837	842	849	837	836	841	836
C	842	860	837	0	838	843	842	838	842	837	838	843	850	838	837	842	837
F	843	861	838	0	839	844	843	839	843	838	839	844	851	839	838	843	838
V	844	862	839	0	840	845	844	840	844	839	840	845	852	840	839	844	839
D	845	863	840	0	841	846	845	841	845	840	841	846	853	841	840	845	840
D	846	864	841	0	842	847	846	842	846	841	842	847	854	842	841	846	841
I	847	865	842	0	843	848	847	843	847	842	843	848	855	843	842	847	842
V	848	866	843	0	844	849	848	844	848	843	844	849	856	844	843	848	843
K	849	867	844	0	845	850	849	845	849	844	845	850	857	845	844	849	844
T	850	868	845	0	846	851	850	846	850	845	846	851	858	846	845	850	845
D	851	869	846	0	847	852	851	847	851	846	847	852	859	847	846	851	846
G	852	870	847	0	848	853	852	848	852	847	848	853	860	848	847	852	847
T	853	871	848	0	849	854	853	849	853	848	849	854	861	849	848	853	848
L	854	872	849	0	850	855	854	850	854	849	850	855	862	850	849	854	849
M	855	873	850	0	851	856	855	851	855	850	851	856	863	851	850	855	850
I	856	874	851	0	852	857	856	852	856	851	852	857	864	852	851	856	851
E	857	875	852	0	853	858	857	853	857	852	853	858	865	853	852	857	852
R	858	876	853	0	854	859	858	854	858	853	854	859	866	854	853	858	853
F	859	877	854	0	855	860	859	855	859	854	855	860	867	855	854	859	854
V	860	878	855	0	856	861	860	856	860	855	856	861	868	856	855	860	855
S	861	879	856	0	857	862	861	857	861	856	857	862	869	857	856	861	856
L	862	880	857	0	858	863	862	858	862	857	858	863	870	858	857	862	857
A	863	881	858	0	859	864	863	859	863	858	859	864	871	859	858	863	858
I	864	882	859	0	860	865	864	860	864	859	860	865	872	860	859	864	859
D	865	883	860	0	861	866	865	861	865	860	861	866	873	861	860	865	860
A	866	884	861	0	862	867	866	862	866	861	862	867	874	862	861	866	861
Y	867	885	862	0	863	868	867	863	867	862	863	868	875	863	862	867	862
P	868	886	863	0	864	869	868	864	868	863	864	869	876	864	863	868	863
L	869	887	864	0	865	870	869	865	869	864	865	870	877	865	864	869	864
T	870	888	865	0	866	871	870	866	870	865	866	871	878	866	865	870	865
K	871	889	866	0	867	872	871	867	871	866	867	872	879	867	866	871	866
H	872	890	867	0	868	873	872	868	872	867	868	873	880	868	867	872	867
P	873	891	868	0	869	874	873	869	873	868	869	874	881	869	868	873	868
N	874	892	869	0	870	875	874	870	874	869	870	875	882	870	869	874	869
Q	875	893	870	0	871	876	875	871	875	870	871	876	883	871	870	875	870
E	876	894	871	0	872	877	876	872	876	871	872	877	884	872	871	876	871
Y	877	895	872	0	873	878	877	873	877	872	873	878	885	873	872	877	872
A	878	896	873	0	874	879	878	874	878	873	874	879	886	874	873	878	873
D	879	897	874	0	875	880	879	875	879	874	875	880	887	875	874	879	874
V	880	898	875	0	876	881	880	876	880	875	876	881	888	876	875	880	875
F	881	899	876	0	877	882	881	877	881	876	877	882	889	877	876	881	876
H	882	900	877	0	878	883	882	878	882	877	878	883	890	878	877	882	877
L	883	901	878	0	879	884	883	879	883	878	879	884	891	879	878	883	878
Y	884	902	879	0	880	885	884	880	884	879	880	885	892	880	879	884	879
L	885	903	880	0	881	886	885	881	885	880	881	886	893	881	880	885	880
Q	886	904	881	0	882	887	886	882	886	881	882	887	894	882	881	886	881
Y	887	905	882	0	883	888	887	883	887	882	883	888	895	883	882	887	882
I	888	906	883	0	884	889	888	884	888	883	884	889	896	884	883	888	883
R	889	907	884	0	885	890	889	885	889	884	885	890	897	885	884	889	884
K	890	908	885	0	886	891	890	886	890	885	886	891	898	886	885	890	885
L	891	909	886	0	887	892	891	887	891	886	887	892	899	887	886	891	886
H	892	910	887	0	888	893	892	888	892	887	888	893	900	888	887	892	887
D	893	911	888	0	889	894	893	889	893	888	889	894	901	889	888	893	888
E	894	912	889	0	890	895	894	890	894	889	890	895	902	890	889	894	889
L	895	913	890	0	891	896	895	891	895	890	891	896	903	891	890	895	890
T	896	914	891	0	892	897	896	892	896	891	892	897	904	892	891	896	891
G	897	915	892	0	893	898	897	893	897	892	893	898	905	893	892	897	892
H	898	916	893	0	894	899	898	894	898	893	894	899	906	894	893	898	893
M	899	917	894	0	895	900	899	895	899	894	895	900	907	895	894	899	894
L	900	918	895	0	896	901	900	896	900	895	896	901	908	896	895	900	895
D	901	919	896	0	897	902	901	897	901	896	897	902	909	897	896	901	896
M	902	920	897	0	898	903	902	898	902	897	898	903	910	898	897	902	897
Y	903	921	898	0	899	904	903	899	903	898	899	904	911	899	898	903	898
S	904	922	899	0	900	905	904	900	904	899	900	905	912	900	899	904	899
V	905	923	900	0	901	906	905	901	905	900	901	906	913	901	900	905	900
M	906	924	901	0	902	907	906	902	906	901	902	907	914	902	901	906	901
L	907	925	902	0	903	908	907	903	907	902	903	908	915	903	902	907	902
T	908	926	903	0	904	909	908	904	908	903	904	909	916	904	903	908	903
N	909	927	904	0	905	910	909	905	909	904	905	910	917	905	904	909	904
D	910	928	905	0	906	911	910	906	910	905	906	911	918	906	905	910	905
N	911	929	906	0	907	912	911	907	911	906	907	912	919	907	906	911	906
T	912	930	907	0	908	913	912	908	912	907	908	913	920	908	907	912	907
S	913	931	908	0	909	914	913	909	913	908	909	914	921	909	908	913	908
R	914	932	909	0	910	915	914	910	914	909	910	915	922	910	909	914	909
Y	915	933	910	0	911	916	915	911	915	910	911	916	923	911	910	915	910
W	916	934	911	0	912	917	916	912	916	911	912	917	924	912	911	916	911
E	917	935	912	0	913	918	917	913	917	912	913	918	925	913	912	917	912
P	918	936	913	0	914	919	918	914	918	913	914	919	926	914	913	918	913
E	919	937	914	0	915	920	919	915	919	914	915	920	927	915	914	919	914
F	920	938	915	0	916	921	920	916	920	915	916	921	928	916	915	920	915
Y	921	939	916	0	917	922	921	917	921	916	917	922	929	917	916	921	916
E	922	940	917	0	918	923	922	918	922	917	918	923	930	918	917	922	917
A	923	941	918	0	919	924	923	919	923	918	919	924	931	919	918	923	918
M	924	942	919	0	920	925	924	920	924	919	920	925	932	920	919	924	919
Y	925	943	920	0	921	926	925	921	925	920	921	926	933	921	920	925	920
T	926	944	921	0	922	927	926	922	926	921	922	927	934	922	921	926	921
P	927	945	922	0	923	928	927	923	927	922	923	928	935	923	922	927	922
H	928	946	923	0	924	929	928	924	928	923	924	929	936	924	923	928	923
T	929	947	924	0	925	930	929	925	929	924	925	930	937	925	924	929	924
V	930	948	925	0	926	931	930	926	930	925	926	931	938	926	925	930	925
L	931	949	926	0	927	932	931	927	931	926	927	932	939	927	926	931	926
Q	932	950	927	0	928	933	932	928	932	927	928	933	940	928	927	932	927
