>NC_045512.2_1 2019-nCov	NC_045512.2_1	FJ588692.1_1	KC881007.1_1	NC_002306.3_1	KT357810.1_1	AF107212.1_1	AB593383.1_1	AF190406.1_1	AY687355.1_1	DQ412594.1_1	KR559017.1_1	NC_028806.1_1	NC_038861.1_1
	0	0	0	0	0	0	0	0	0	0	0	0	0
M	1	3	2	8	5	7	2	2	1	1	3	4	4
F	2	4	3	9	6	8	3	3	2	2	4	5	5
V	3	5	4	10	7	9	4	4	3	3	5	6	6
F	4	6	5	11	8	10	5	5	4	4	6	7	7
L	5	7	6	12	9	11	6	6	5	5	7	8	8
V	6	8	7	13	10	12	7	7	6	6	8	9	9
L	7	9	8	14	11	13	8	8	7	7	9	10	10
L	8	10	9	15	12	14	9	9	8	8	10	11	11
P	9	11	10	16	13	15	10	10	9	9	11	12	12
L	10	12	11	17	14	16	11	11	10	10	12	13	13
V	11	13	12	18	15	17	12	12	11	11	13	14	14
S	12	14	13	19	16	18	13	13	12	12	14	15	15
S	13	15	14	20	17	19	14	14	13	13	15	16	16
Q	14	18	19	24	29	28	23	23	18	18	18		20
C	15	19	20	25	30	29	24	24	19	19	19	18	21
V	16	20	21	26	31	30	25	25	20	20	20	19	22
N	17	21	22	27	32	31	26	26	21	21	21	20	23
L	18	22	23	28	33	32	27	27	22	22	22	21	24
T	19	23	24	29	34	33	28	28	23	23	23	22	25
T	20	24	25	30	35	34	29	29	24	24	24	23	26
R	21	25	26	31	36	35	30	30	25	25	25	24	27
T	22	26	27	32	37	36	31	31	26	26	26	25	28
Q	23	27	28	33	38	37	32	32	27	27	27	26	29
L	24	28	29	34	39	38	33	33	28	28	28	27	30
P	25	29	30	35	40	39	34	34	29	29	29	28	31
P	26	30	31	36	41	40	35	35	30	30	30	29	32
A	27	31	32	37	42	41	36	36	31	31	31	30	33
Y	28	32	33	38	43	42	37	37	32	32	32	31	34
T	29	33	34	51	49	48	43	43	33	33	33	44	50
N	30	34	35	52	50	49	44	44	34	34	34	45	51
S	31	35	36	53	51	50	45	45	35	35	35	46	52
F	32	36	37	54	52	51	46	46	36	36	36	47	53
T	33	37	38	55	53	52	47	47	37	37	37	48	54
R	34	38	39	56	54	53	48	48	38	38	38	49	55
G	35	39	40	57	55	54	49	49	39	39	39	50	56
V	36	40	41	58	56	55	50	50	40	40	40	51	57
Y	37	41	42	59	57	56	51	51	41	41	41	52	58
Y	38	42	43	60	58	57	52	52	42	42	42	53	59
P	39	43	44	61	59	58	53	53	43	43	43	54	60
D	40	44	45	62	60	59	54	54	44	44	44	55	61
K	41	45	46	63	61	60	55	55	45	45	45		63
V	42	46	47	64	62	61	56	56	46	46	46		64
F	43	47	48	65	63	62	57	57	47	47	47	56	65
R	44	48	49	66	64	63	58	58	48	48	48	57	66
S	45	49	50	67	65	64	59	59	49	49	49	58	67
S	46	50	51	68	66	65	60	60	50	50	50	59	68
V	47	51	52	69	67	66	61	61	51	51	51	60	69
L	48	52	53	70	68	67	62	62	52	52	52	61	70
H	49	53	54	71	69	68	63	63	53	53	53	62	71
S	50	54	55	72	70	69	64	64	54	54	54	63	72
T	51	55	56	73	71	70	65	65	55	55	55	64	73
Q	52	56	57	74	72	71	66	66	56	56	56	65	74
D	53	57	58	75	73	72	67	67	57	57	57	66	75
L	54	58	59	76	74	73	68	68	58	58	58	67	76
F	55	59	60	77	75	74	69	69	59	59	59	68	77
L	56	60	61	78					60	60	60		78
P	57	61	62	79	76	75	70	70	61	61	61	69	79
F	58	62	63	80	77	76	71	71	62	62	62	70	80
F	59	63	64	81	78	77	72	72	63	63	63	71	81
S	60	64	65	82	79	78	73	73	64	64	64	72	82
N	61	65	66	83	80	79	74	74	65	65	65	73	83
V	62	66	67	84	81	80	75	75	66	66	66	74	84
T	63	67	68	88	85	81	76	76	67	67	67	78	88
W	64	68	69	89	86	82	77	77	68	68	68	79	89
F	65	69	70	90	87	83	78	78	69	69	69	80	90
H	66	70	71	167	88	84	79	79	70	70	70	148	160
A	67	71	72	168	89	85	80	80	71	71	71	149	161
I	68	72	73	169	90	86	81	81	72	72	72	150	162
H	69	73	74	170	91	87	82	82	73	73	73	151	163
V	70	74	75	171	92	88	83	83	74	74	74	152	164
S	71	75	76	172	93	89	84	84	75	75	75	153	165
G	72	76		173	94	90	85	85			76	154	166
T	73			174	95	91	86	86			77	155	167
N	74	77		179	101	92	87	87			78	160	176
G	75	78		180	102	93	88	88			79	161	177
T	76	79		181	103	94	89	89			80	162	178
K	77	80		182	104	95	90	90			81	163	179
R	78	81		183	105	96	91	91			82	164	180
F	79	82	77	184	106	97	92	92	76	76	83	165	181
D	80	83	78	185	107	98	93	93	77	77	84	166	182
N	81	84	79	186	108	99	94	94	78	78	85	167	183
P	82	85	80	187		100	95	95	79	79	86	168	184
V	83	86	81	188	109	102	97	97	80	80	87	169	185
L	84	87	82	189	110	103	98	98	81	81	88	170	186
P	85	88	83	190	111	104	99	99	82	82	89	171	187
F	86	89	84	191	112	105	100	100	83	83	90	172	188
N	87	90	85	192	113	106	101	101	84	84	91	173	189
D	88	91	86	193	114	107	102	102	85	85	92	174	190
G	89	92	87	194	115	108	103	103	86	86	93	175	191
V	90	93	88	195	116	109	104	104	87	87	94	176	192
Y	91	94	89	196	117	110	105	105	88	88	95		193
F	92	95	90	197	118	111	106	106	89	89	96	177	194
A	93	96	91	198	119	112	107	107	90	90	97	178	195
S	94	97	92	199	120	113	108	108	91	91	98	179	196
T	95	98	93	200	121	114	109	109	92	92	99	180	197
E	96	99	94	201	122	115	110	110	93	93	100	181	198
K	97	100	95	202	123	116	111	111	94	94	101	182	199
S	98	101	96	203	124	117	112	112	95	95	102	183	200
N	99	102	97	204	125	118	113	113	96	96	103	184	201
I	100	103	98	222	143	127	122	122	97	97	104	203	227
I	101	104	99	223	144	128	123	123	98	98	105	204	228
R	102	105	100	224	145	129	124	124	99	99	106	205	229
G	103	106	101	225	146	130	125	125	100	100	107	206	230
W	104	107	102	226	147	131	126	126	101	101	108	207	231
I	105	108	103	227	148	132	127	127	102	102	109	208	232
F	106	109	104	228	149	133	128	128	103	103	110	209	
G	107	110	105	229	150	134	129	129	104	104	111		
T	108	111	106	230	151	135	130	130	105	105	112		
T	109	112	107	231	152	136	131	131	106	106	113		
L	110	113	108	232	153	137	132	132	107	107	114	210	
D	111	114	109	233	154	138	133	133	108	108	115	211	
S	112	115	110	234	155	139	134	134	109	109	116	212	233
K	113	116	111	235	156	140	135	135	110	110	117	213	234
T	114	117	112	236	157	141	136	136	111	111	118	214	235
Q	115	118	113	262	183	142	137	137	112	112	119	234	259
S	116	119	114	263	184	143	138	138	113	113	120	235	260
L	117	120	115	264	185	144	139	139	114	114	121	236	261
L	118	121	116	265	186	145	140	140	115	115	122	237	262
I	119	122	117	266	187	146	141	141	116	116	123	238	263
V	120	123	118	267	188	147	142	142	117	117	124	239	264
N	121	124	119	268	189	148	143	143	118	118	125	240	265
N	122	125	120	269	190	149	144	144	119	119	126	241	266
A	123	126	121	270	191	150	145	145	120	120	127	242	267
T	124	127	122	271	192	151	146	146	121	121	128	243	268
N	125	128	123	272	193	152	147	147	122	122	129	244	269
V	126	129	124	273	194	153	148	148	123	123	130	245	270
V	127	130	125	274	195	154	149	149	124	124	131	246	271
I	128	131	126	275	196	155	150	150	125	125	132	247	272
K	129	132	127	276	197	156	151	151	126	126	133	248	273
V	130	133	128	277	198	157	152	152	127	127	134	249	274
C	131	134	129	278	199	158	153	153	128	128	135	250	275
E	132	135	130	279	200	159	154	154	129	129	136	251	276
F	133	136	131	280	201	160	155	155	130	130	137	252	277
Q	134	137	132	281	202	161	156	156	131	131	138	253	278
F	135	138	133	282	203	162	157	157	132	132	139	254	279
C	136	139	134	283	204	163	158	158	133	133	140	255	280
N	137	140	135	284	205	164	159	159	134	134	141	256	281
D	138	141	136	285	206	165	160	160	135	135	142	257	282
P	139	142	137	286	207	166	161	161	136	136	143	258	283
F	140	143	138	287	208	167	162	162	137	137	144	259	284
L	141	144	139	288	209	168	163	163	138	138	145	260	285
G	142	145	140	289	210	169	164	164	139	139	146	261	286
V	143	146	141	290	211	170	165	165	140	140	147	262	287
Y	144	147	142	291	212	171	166	166	141	141	148	263	288
Y	145	148	143	292	213	172	167		142	142	149	264	289
H	146	149	146		214	173	168	168	145	145	150		
K	147	150	147	293	215	174	169	169	146	146	151	265	290
N	148	151	148	294	216	175	170	170	147	147	152	266	291
N	149	152	149	295	217	176	171	171	148	148	153	267	292
K	150	153	150	296	218	177	172		149	149	154	268	293
S	151	154	151	302	224	178	173	173	150	150	155	274	299
W	152	155	152	303	225	179	174		151	151	156	275	300
M	153			304								276	301
E	154			305								277	302
S	155			319	226	180	175	175				291	316
E	156			320	227	181	176	176				292	317
F	157			321	228	182	177					293	318
R	158				229			177					
V	159	156	153	322	230	183	178	178	152	152	157	294	319
Y	160	157	154	323	231	184	179	179	153	153	158	295	320
S	161	158	155	324	232	185	180	180	154	154	159	296	321
S	162	159	156	325	233	186	181	181	155	155	160	297	322
A	163	160	157	326	234	187	182	182	156	156	161	298	323
N	164	161	158	327	235	188	183	183	157	157	162	299	324
N	165	162	159	328	236	189	184	184	158	158	163	300	325
C	166	163	160	329	237	190	185	185	159	159	164	301	326
T	167	164	161	330	238	191	186	186	160	160	165	302	327
F	168	165	162	331	239	192	187		161	161	166	303	328
E	169	166	163	332				187	162	162	167	304	329
Y	170	167	164	333	240	193	188	188	163	163	168	305	330
V	171	168	165	334	241	194	189	189	164	164	169	306	331
S	172	169	166	335	242	195	190	190	165	165	170	307	332
Q	173	170	167	336	243	196	191	191	166	166		308	333
P	174	171	168	337	244	197	192	192	167	167	171	309	334
F	175	172	169	338	245	198	193	193	168	168	172	310	335
L	176	173	170	339	246	199	194	194	169	169	173	311	336
M	177	174	171	340	247	200	195	195	170	170	174	312	337
D	178	175	172	341	248	201	196	196	171	171	175	313	338
L	179	176	173	342	249	202	197	197	172	172	176	314	339
E	180	177	174	343	250	203	198		173	173	177	315	340
G	181	178	175	344					174	174	178	316	341
K	182	179	176	345					175	175	179	317	342
Q	183	180	177	346					176	176	180	318	343
G	184	181	178						177	177	181		
N	185	182	179						178	178	182		
F	186	183	180					198	179	179	183		
K	187	184	181	347	251	204	199	199	180	180	184	319	344
N	188	185	182	348	252	205	200	200	181	181	185	320	345
L	189	186	183	349	253	206	201	201	182	182	186	321	346
R	190	187	184	350	254	207	202	202	183	183	187	322	347
E	191	188	185	351	255	208	203	203	184	184	188	323	348
F	192	189	186	352	256	209	204	204	185	185	189	324	349
V	193	190	187	353	257	210	205	205	186	186	190	325	350
F	194	191	188	354	258	211	206	206	187	187	191	326	351
K	195	192	189	355	259	212	207	207	188	188	192	327	352
N	196	193	190	356	260	213	208	208	189	189	193	328	353
I	197	194	191	357	261	214	209	209	190	190	194		354
D	198	195	192	358	262	215	210		191	191	195		355
G	199	196	193	360	264	216	211	211	192	192	196	329	357
Y	200	197	194	361	265	217	212	212	193	193	197	330	358
F	201	198	195	362	266	218	213	213	194	194	198	331	359
K	202	199	196	363	267	219	214	214	195	195	199	332	360
I	203	200	197	364	268	220	215	215	196	196	200	333	361
Y	204	201	198	365	269	221	216	216	197	197	201	334	362
S	205	202	199	366	270	222	217	217	198	198	202	335	363
K	206	203	200	367	271	223	218		199	199	203	336	364
H	207	204	201						200	200	204		
T	208	205	202	368					201	201	205	337	365
P	209	206	203	369					202	202	206	338	366
I	210	207	204	370					203	203	207	339	367
N	211	208	205	371					204	204	208	340	368
L	212	209	206	372					205	205	209	341	369
V	213	210	207	373					206	206	210	342	370
R	214	211	208	374					207	207	211	343	371
D	215	212	209	380	272	224	219	219	208	208	215	349	375
L	216	213	210	381	273	225	220	220	209	209	216	350	376
P	217	214	211	382	274	226	221	221	210	210	217	351	377
Q	218	215	212	383	275	227	222	222	211	211	218	352	378
G	219	216	213	384	276	228	223	223	212	212	219	353	379
F	220	217	214	385	277	229	224	224	213	213	220	354	380
S	221	218	215	386	278	230	225	225	214	214	221	355	381
A	222	219	216	387	279	231	226	226	215	215	222	356	382
L	223	220	217	388	280	232	227		216	216	223	357	383
E	224	221	218						217	217	224		
P	225	222	219						218	218	225		
L	226	223	220	389	281			227	219	219	226		384
V	227	224	221	390	282	233	228	228	220	220	227		385
D	228	225	222	391	283	234	229	229	221	221	228		386
L	229	226	223	392	284	235	230	230	222	222	229	358	387
P	230	227	224	393	285	236	231	231	223	223	230	359	388
I	231	228	225	394	286	237	232	232	224	224	231	360	389
G	232	229	226	395	287	238	233	233	225	225	232	361	390
I	233	230	227	396	288	239	234	234	226	226	233	362	391
N	234	231	228	397	289	240	235		227	227	234	363	392
I	235	232	229	412	290	241	236	236	228	228	235	381	407
T	236	233	230	413	291	242	237	237	229	229	236	382	408
R	237	234	231	414	292	243	238	238	230	230	237	383	409
F	238	235	232	415	293	244	239	239	231	231	238	384	410
Q	239	236	233	416	294	245	240	240	232	232	239	385	411
T	240	237	234	417	295	246	241	241	233	233	240	386	412
L	241	238	235	418	296	247	242	242	234	234	241	387	413
L	242	239	236	419	297	248	243	243	235	235	242	388	414
A	243	240	237	420	298	249	244	244	236	236	243	389	415
L	244	241	238	421	299	250	245	245	237	237	244	390	416
H	245	242	239	422	300	251	246		238	238	245	391	417
R	246			423	301							392	418
S	247			424								393	419
Y	248			425								394	420
L	249			449								418	444
T	250			450								419	445
P	251			451				246				420	446
G	252	243	240	452	302	252	247	247	239	239	246	421	447
D	253	244	241	453	303	253	248	248	240	240	247	422	448
S	254	245	242	454	304	254	249	249	241	241	248	423	449
S	255	246	243	455	305	255	250	250	242	242	249	424	450
S	256	247	244		306	256	251		243	243	250	425	
G	257	248	245						244	244	251	427	
W	258	249	246					251	245	245	252	428	
T	259	250	247	456	307	257	252	252	246	246	253	429	451
A	260	251	248	457	308	258	253	253	247	247	254	430	452
G	261	252	249	458	309	259	254	254	248	248	255	431	453
A	262	253	250	459	310	260	255	255	249	249	256	432	454
A	263	254	251	460	311	261	256	256	250	250	257	433	455
A	264	255	252	461	312	262	257	257	251	251	258	434	456
Y	265	256	253	462	313	263	258	258	252	252	259	435	457
Y	266	257	254	463	314	264	259	259	253	253	260	436	458
V	267	258	255	464	315	265	260	260	254	254	261	437	459
G	268	259	256	465	316	266	261	261	255	255	262	438	460
Y	269	260	257	466	317	267	262	262	256	256	263	439	461
L	270	261	258	467	318	268	263	263	257	257	264	440	462
Q	271	262	259	468	319	269	264	264	258	258	265	441	463
P	272	263	260	469	320	270	265	265	259	259	266	442	464
R	273	264	261	470	321	271	266	266	260	260	267	443	465
T	274	265	262	471	322	272	267	267	261	261	268	444	466
F	275	266	263	472	323	273	268	268	262	262	269	445	467
L	276	267	264	473	324	274	269	269	263	263	270	446	468
L	277	268	265	474	325	275	270	270	264	264	271	447	469
K	278	269	266	475	326	276	271	271	265	265	272	448	470
Y	279	270	267	476	327	277	272	272	266	266	273	449	471
N	280	271	268		328	278	273	273	267	267	274		
E	281	272	269	477	329	279	274	274	268	268	275	450	472
N	282	273	270	478	330	280	275	275	269	269	276	451	473
G	283	274	271	479	331	281	276	276	270	270	277	452	474
T	284	275	272	480	332	282	277	277	271	271	278	453	475
I	285	276	273	481	333	283	278	278	272	272	279	454	476
T	286	277	274	482	334	284	279	279	273	273	280	455	477
D	287	278	275	483	335	285	280	280	274	274	281	456	478
A	288	279	276	484	336	286	281	281	275	275	282	457	479
V	289	280	277	485	337	287	282	282	276	276	283	458	480
D	290	281	278	486	338	288	283	283	277	277	284	459	481
C	291	282	279	487	339	289	284	284	278	278	285	460	482
A	292	283	280	488	340	290	285	285	279	279	286	461	483
L	293	284	281		341	291	286	286	280	280	287		
D	294	285	282	489	342	292	287	287	281	281	288	462	484
P	295	286	283	490	343	293	288	288	282	282	289	463	485
L	296	287	284	491	344	294	289	289	283	283	290	464	486
S	297	288	285	492	345	295	290	290	284	284	291	465	487
E	298	289	286	493	346	296	291	291	285	285	292	466	488
T	299	290	287	494	347	297	292	292	286	286	293	467	489
K	300	291	288	495	348	298	293	293	287	287	294	468	490
C	301	292	289	496	349	299	294	294	288	288	295	469	491
T	302	293	290	497	350	300	295	295	289	289	296	470	492
L	303	294	291	498	351	301	296	296	290	290	297	471	493
K	304	295	292	499	352	302	297	297	291	291	298	472	494
S	305	296	293	500	353	303	298	298	292	292	299	473	495
F	306	297	294	501	354	304	299	299	293	293	300	474	496
T	307	298	295	502	355	305	300	300	294	294	301	475	497
V	308	299	296	503	356	306	301	301	295	295	302	476	498
E	309	300	297	504	357	307	302	302	296	296	303	477	499
K	310	301	298	505	358	308	303	303	297	297	304	478	500
G	311	302	299	506	359	309	304	304	298	298	305	479	501
I	312	303	300	507	360	310	305	305	299	299	306	480	502
Y	313	304	301	508	361	311	306	306	300	300	307	481	503
Q	314	305	302	509	362	312	307	307	301	301	308	482	504
T	315	306	303	510	363	313	308	308	302	302	309	483	505
S	316	307	304	511	364	314	309	309	303	303	310	484	506
N	317	308	305	512	365	315	310	310	304	304	311	485	507
F	318	309	306	513	366	316	311	311	305	305	312	486	508
R	319	310	307	514	367	317	312	312	306	306	313	487	509
V	320	311	308	515	368	318	313	313	307	307	314	488	510
Q	321	312	309	516	369	319	314	314	308	308	315	489	511
P	322	313	310	517	370	320	315	315	309	309	316	490	512
T	323	314	311	518	371	321	316	316	310	310	317	491	513
E	324	315	312	519	372	322	317		311	311	318	492	514
S	325	316	313	521	373	323	318	318	312	312	319	496	516
I	326	317	314	522	374	324	319	319	313	313	320	497	517
V	327	318	315	523	375	325	320	320	314	314	321	498	518
R	328	319	316	524	376	326	321	321	315	315	322	499	519
F	329	320	317	525	377	327	322	322	316	316	323	500	520
P	330	321	318	526	378	328	323	323	317	317	324	501	521
N	331	322	319	527	379	329	324	324	318	318	325	502	522
I	332	323	320	528	380	330	325	325	319	319	326	503	523
T	333	324	321	529	381	331	326	326	320	320	327	504	524
N	334	325	322	530	382	332	327	327	321	321	328	505	525
L	335	326	323			333	328	328	322	322	329		
C	336	327	324		383	334	329	329	323	323	330		
P	337	328	325		384	335	330	330	324	324	331		
F	338	329	326		385	336	331	331	325	325	332		
G	339	330	327		386	337	332	332	326	326	333		
E	340	331	328		387	338	333	333	327	327	334		
V	341	332	329		388	339	334	334	328	328	335		
F	342	333	330	531	389	340	335	335	329	329	336	506	526
N	343	334	331	532	390	341	336	336	330	330	337	507	527
A	344	335	332	533	391	342	337	337	331	331	338	508	528
T	345	336	333	534	392	343	338	338	332	332	339	509	529
R	346	337	334	535	393	344	339	339	333	333	340	510	530
F	347	338	335	536		345	340	340	334	334	341	511	531
A	348	339	336	537	394	346	341	341	335	335	342	512	532
S	349	340	337	538	395	347	342	342	336	336	343	513	533
V	350	341	338	539	396	348	343	343	337	337	344	514	534
Y	351	342	339	540	397	349	344	344	338	338	345	515	535
A	352	343	340	541	398	350	345	345	339	339	346	516	536
W	353	344	341	542	399	351	346	346	340	340	347	517	537
N	354	345	342	543	400	352	347	347	341	341	348	518	538
R	355	346	343	544	401	353	348	348	342	342	349	519	539
K	356	347	344	545	402	354	349	349	343	343	350	520	540
R	357	348	345	546	403	355	350	350	344	344	351	521	541
I	358	349	346	547	404	356	351	351	345	345	352	522	542
S	359	350	347	548	405	357	352	352	346	346	353	523	543
N	360	351	348	549	406	358	353	353	347	347	354	524	544
C	361	352	349	550	407	359	354	354	348	348	355	525	545
V	362	353	350	551	408	360	355	355	349	349	356	526	546
A	363	354	351	552	409	361	356	356	350	350	357	527	547
D	364	355	352	553	410	362	357	357	351	351	358	528	548
Y	365	356	353	554	411	363	358	358	352	352	359	529	549
S	366	357	354	555	412	364	359	359	353	353	360	530	550
V	367	358	355	556	413	365	360	360	354	354	361		551
L	368	359	356	557	414	366	361	361	355	355	362		552
Y	369	360	357	558	415	367	362	362	356	356	363		553
N	370	361	358	559	416	368	363	363	357	357	364		554
S	371	362	359	560	417	369	364	364	358	358	365		555
A	372	363	360	561	418	370	365		359	359	366		556
S	373	364	361	563	419	371	366	366	360	360	368	531	558
F	374	365	362	564	420	372	367	367	361	361	369	532	559
S	375	366	363	565	421	373	368	368	362	362	370	533	560
T	376	367	364	566	422	374	369	369	363	363	371	534	561
F	377	368	365	567	423	375	370	370	364	364	372	535	562
K	378	369	366	568	424	376	371	371	365	365	373	536	563
C	379	370	367	569	425	377	372	372	366	366	374	537	564
Y	380	371	368	570	426	378	373	373	367	367	375	538	565
G	381	372	369	571	427	379	374	374	368	368	376	539	566
V	382	373	370	572	428	380	375	375	369	369	377	540	567
S	383	374	371	573	429	381	376	376	370	370	378	541	568
P	384	375	372	574	430	382	377	377	371	371	379	542	569
T	385	376	373	575	431	383	378	378	372	372	380	543	570
K	386	377	374	576	432	384	379	379	373	373	381	544	571
L	387	378	375	577	433	385	380	380	374	374	382	545	572
N	388	379	376	578	434	386	381	381	375	375	383	546	573
D	389	380	377	579	435	387	382		376	376	384	547	574
L	390	381	378	584	436	388	383	383	377	377	385	548	579
C	391	382	379	585	437	389	384	384	378	378	386	549	580
F	392	383	380	586	438	390	385	385	379	379	387	550	581
T	393	384	381	587	439	391	386	386	380	380	388	551	582
N	394	385	382	588	440	392	387	387	381	381	389	552	583
V	395	386	383	589	441	393	388	388	382	382	390	553	584
Y	396	387	384	590	442	394	389	389	383	383	391		585
A	397	388	385	591	443	395	390	390	384	384	392		586
D	398	389	386	592	444	396	391	391	385	385	393		587
S	399	390	387	593	445	397	392	392	386	386	394		588
F	400	391	388	594	446	398	393	393	387	387	395		589
V	401	392	389		447	399	394	394	388	388	396		
I	402	393	390		448	400	395	395	389	389	397		
R	403	394	391		449	401	396	396	390	390	398		
G	404	395	392		450	402	397	397	391	391	399		
D	405	396	393		451	403	398	398	392	392	400		
E	406	397	394		452	404	399	399	393	393	401		
V	407	398	395		453	405	400	400	394	394	402		
R	408	399	396		454	406	401	401	395	395	403		
Q	409	400	397		455	407	402	402	396	396	404		
I	410	401	398		456	408	403	403	397	397	405		
A	411	402	399		457	409	404	404	398	398	406		
P	412	403	400		458	410	405	405	399	399	407		
G	413	404	401		459	411	406	406	400	400	408		
Q	414	405	402	595	460	412	407	407	401	401	409		590
T	415	406	403	596	461	413	408	408	402	402	410		591
G	416	407	404	597	462	414	409	409	403	403	411		592
K	417	408	405	598	463	415	410	410	404	404	412		593
I	418	409	406	599	464	416	411	411	405	405	413	554	594
A	419	410	407	600	465	417	412	412	406	406	414	555	595
D	420	411	408	601	466	418	413	413	407	407	415	556	596
Y	421	412	409	602	467	419	414	414	408	408	416	557	597
N	422	413	410	603	468	420	415	415	409	409	417	558	598
Y	423	414	411	604	469	421	416	416	410	410	418	559	599
K	424	415	412	605	470	422	417	417	411	411	419	560	600
L	425	416	413	606	471	423	418	418	412	412	420	561	601
P	426	417	414	607	472	424	419	419	413	413	421	562	602
D	427	418	415	608	473	425	420	420	414	414	422	563	603
D	428	419	416	609	474	426	421	421	415	415	423	564	604
F	429	420	417	610	475	427	422	422	416	416	424	565	605
T	430	421	418	611	476	428	423	423	417	417	425	566	606
G	431	422	419	612	477	429	424	424	418	418	426	567	607
C	432	423	420	613	478	430	425	425	419	419	427	568	608
V	433	424	421	614	479	431	426	426	420	420	428	569	609
I	434	425	422	615	480	432	427	427	421	421	429	570	610
A	435	426	423	616	481	433	428	428	422	422	430	571	611
W	436	427	424	617	482	434	429	429	423	423	431	572	612
N	437	428	425	618	483	435	430	430	424	424	432	573	613
S	438	429	426	619	484	436	431	431	425	425	433	574	614
N	439	430	427	620	485	437	432	432	426	426	434	575	615
N	440	431	428	621	486	438	433	433	427	427	435	576	616
L	441	432	429	622	487	439	434	434	428	428	436	577	617
D	442	433	430	623	488	440	435	435	429	429	437	578	618
S	443	434	431	624	489	441	436	436	430	430	438	579	619
K	444	435	432	625	490	442	437	437	431	431		580	620
V	445		433	626	491	443	438	438	432	432		581	621
G	446		434	627	492	444	439	439	433	433		582	622
G	447		435	628	493	445	440	440	434	434		583	623
N	448		436	629	494	446	441	441	435	435	439	584	624
Y	449		437		495	447	442	442	436	436	440		
N	450	436	438		496	448	443	443	437	437	441		
Y	451	437	439		497	449	444	444	438	438	442		
L	452	438	440		498	450	445	445	439	439	443		
Y	453	439	441		499		450	450	440	440	444		
R	454	440	442		500		451	451	441	441	445		
L	455	441	443		501		452	452	442	442	446		
F	456	442	444		502		453	453	443	443	447		
R	457	443	445		503		454	454	444	444	448		
K	458	444	446		504		455	455	445	445	449		
S	459	445	447		505		456	456	446	446	450		
N	460	446	448		506		457	457	447	447	451		
L	461	447	449		507		458	458	448	448	452		
K	462	448	450		508		459	459	449	449	453		
P	463	449	451		509		460	460	450	450	454		
F	464	450	452		510		461	461	451	451	455		
E	465	451	453		511		462	462	452	452	456		
R	466	452	454		512		463	463	453	453	457		
D	467	453	455		513		464	464	454	454	458		
I	468	454	456		514		465	465	455	455	459		
S	469	455	457		515		466	466	456	456	460		
T	470	456	458		516		467	467	457	457	461		
E	471		459		517		468	468	458	458	462		
I	472		460		518		482	482	459	459	463		
Y	473		461		519		483	483	460	460	464		
Q	474	457	462		520		484	484	461	461	465		
A	475	458	463		521		485	485	462	462	466		
G	476	459	464		522		486	486	463	463	467		
S	477	460	465		523		487	487	464	464	468		
T	478		466		524		488	488	465	465	469		
P	479		467		525		489	489	466	466			
C	480		468	630	526		490	490	467	467	470	585	625
N	481		469	631	527		491	491	468	468	471	586	626
G	482		470	632	528		492	492	469	469	472	587	627
V	483			633	529		493	493			473	588	628
E	484		471	636	532		496	496	470	470	474	591	631
G	485		472	637	533		497	497	471	471	475	592	632
F	486		473	638	534		498	498	472	472	476	593	633
N	487		474	639	535		499	499	473	473	477	594	634
C	488		475	640	536		500	500	474	474	478	595	635
Y	489	461	476		545		527	527	475	475	479		
F	490	462	477		546		528	528	476	476	480		
P	491	463	478		547		529	529	477	477	481		
L	492	464	479		548		530	530	478	478	482		
Q	493	465	480		549		531	531	479	479	483		
S	494	466	481	641	550		532	532	480	480	484	596	636
Y	495	467	482	642	551		533	533	481	481	485	597	637
G	496	468	483	643	552		534	534	482	482	486	598	638
F	497	469	484	644	553		535	535	483	483	487	599	639
Q	498	470	485	645	554		536	536	484	484	488	600	640
P	499	471	486	646	555		537	537	485	485	489	601	641
T	500	472	487	647	556		538	538	486	486	490	602	642
N	501	473	488	648	557		539	539	487	487	491	603	643
G	502	474	489	649	558		540	540	488	488	492	604	644
V	503	475	490	650	559		541	541	489	489	493	605	645
G	504	476	491	651	560		542	542	490	490	494	606	646
Y	505	477	492	656	561		582	582	491	491	495	612	651
Q	506	478	493	657	562		583	583	492	492	496	613	652
P	507	479	494	658	563		584	584	493	493	497	614	653
Y	508	480	495	659	564		585	585	494	494	498	615	654
R	509	481	496	660	565		586	586	495	495	499	616	655
V	510	482	497	661	566	451	587	587	496	496	500	617	656
V	511	483	498	662	567	452	588	588	497	497	501	618	657
V	512	484	499	663	568	453	589	589	498	498	502	619	658
L	513	485	500	664	569	454	590	590	499	499	503	620	659
S	514	486	501	665	570	455	591	591	500	500	504	621	660
F	515	487	502	666	571	456	592	592	501	501	505	622	661
E	516	488	503	667	572	457	593	593	502	502	506	623	662
L	517	489	504	668	573	458	594	594	503	503	507	624	663
L	518	490	505	669	574	459	595	595	504	504	508	625	664
H	519	491	506	670	575	460	596	596	505	505	509	626	665
A	520	492	507	671	576	461	597		506	506	510	627	666
P	521	493	508	672	581	464	600	600	507	507	511	628	667
A	522	494	509	673	582	465	601	601	508	508	512	629	668
T	523	495	510	674	583	466	602	602	509	509	513	630	669
V	524	496	511	675	584	467	603	603	510	510	514	631	670
C	525	497	512	676	585	468	604	604	511	511	515	632	671
G	526	498	513	677	586	469	605	605	512	512	516	633	672
P	527	499	514	678	587	470	606	606	513	513	517	634	673
K	528	500	515	679	588	471	607	607	514	514	518	635	674
K	529	501	516	680	589	472	608	608	515	515	519	636	675
S	530	502	517	681	593	476	612	612	516	516	520	637	676
T	531	503	518	682	594	477	613	613	517	517	521	638	677
N	532	504	519	683	595	478	614	614	518	518	522	639	678
L	533	505	520	684	596	479	615	615	519	519	523	640	679
V	534	506	521	685	597	480	616		520	520	524	641	680
K	535	507	522	686	600	481	617	617	521	521	525	642	681
N	536	508	523	687	601	482	618	618	522	522	526	643	682
K	537	509	524	688	602	483	619	619	523	523	527	644	683
C	538	510	525	689	603	484	620	620	524	524	528	645	684
V	539	511	526	690	604	485	621	621	525	525	529	646	685
N	540	512	527	691	605	486	622	622	526	526	530	647	686
F	541	513	528	692	606	487	623	623	527	527	531	648	687
N	542	514	529	693	607	488	624	624	528	528	532	649	688
F	543	515	530	694	608	489	625	625	529	529	533	650	689
N	544	516	531	695	609	490	626	626	530	530	534	651	690
G	545	517	532	696	610	491	627	627	531	531	535	652	691
L	546	518	533	697	611	492	628	628	532	532	536	653	692
T	547	519	534	698	612	493	629	629	533	533	537	654	693
G	548	520	535	699	613	494	630	630	534	534	538	655	694
T	549	521	536	700	614	495	631	631	535	535	539	656	695
G	550	522	537	701	615	496	632	632	536	536	540	657	696
V	551	523	538	702	616	497	633	633	537	537	541	658	697
L	552	524	539	703	617	498	634	634	538	538	542	659	698
T	553	525	540	704	618	499	635	635	539	539	543	660	699
E	554	526	541	705	619	500	636	636	540	540	544	661	700
S	555	527	542	706	620	501	637	637	541	541	545	662	701
N	556	528	543	707	621	502	638	638	542	542	546	663	702
K	557	529	544	708	622	503	639	639	543	543	547	664	703
K	558	530	545	709	623	504	640	640	544	544	548	665	704
F	559	531	546	710	624	505	641	641	545	545	549	666	705
L	560	532	547	711	625	506	642	642	546	546	550	667	706
P	561	533	548	712	626	508	644	644	547	547	551	668	707
F	562	534	549	713	627	509	645	645	548	548	552	669	708
Q	563	535	550	714	628	510	646	646	549	549	553	670	709
Q	564	536	551	715	629	511	647	647	550	550	554	671	710
F	565	537	552	716	630	512	648	648	551	551	555	672	711
G	566	538	553	717	631	513	649	649	552	552	556	673	712
R	567	539	554	718	632	514	650	650	553	553	557	674	713
D	568	540	555	719	633	515	651	651	554	554	558	675	714
I	569	541	556		634	516	652	652	555	555	559		
A	570	542	557	720	635	517	653	653	556	556	560	676	715
D	571	543	558	721	636	518	654	654	557	557	561	677	716
T	572	544	559	722	637	519	655	655	558	558	562	678	717
T	573	545	560	723	638	520	656	656	559	559	563	679	718
D	574	546	561	724	639	521	657	657	560	560	564	680	719
A	575	547	562	725	640	522	658	658	561	561	565	681	720
V	576	548	563	726	641	523	659	659	562	562	566	682	721
R	577	549	564	727	642	524	660	660	563	563	567	683	722
D	578	550	565	728	643	525	661	661	564	564	568	684	723
P	579	551	566	729		526	662	662	565	565	569	685	724
Q	580	552	567	730	644	527	663	663	566	566	570	686	725
T	581	553	568	731	645	528	664	664	567	567	571	687	726
L	582	554	569	732	646	529	665	665	568	568	572	688	727
E	583	555	570	733	647	530	666	666	569	569	573	689	728
I	584	556	571	734	648	531	667	667	570	570	574	690	729
L	585	557	572	735	649	532	668	668	571	571	575	691	730
D	586	558	573	736	650	533	669	669	572	572	576	692	731
I	587	559	574	737	651	534	670	670	573	573	577	693	732
T	588	560	575	738	652	535	671	671	574	574	578	694	733
P	589	561	576	739	653	536	672	672	575	575	579	695	734
C	590	562	577	740	654	537	673	673	576	576	580	696	735
S	591	563	578	741	655	538	674	674	577	577	581	697	736
F	592	564	579	742	656	539	675	675	578	578	582	698	737
G	593	565	580	743	657	540	676	676	579	579	583	699	738
G	594	566	581	744	658	541	677	677	580	580	584	700	739
V	595	567	582	745	659	542	678	678	581	581	585	701	740
S	596	568	583	746	660	543	679	679	582	582	586	702	741
V	597	569	584	747	661	544	680	680	583	583	587	703	742
I	598	570	585	748	662	545	681	681	584	584	588	704	743
T	599	571	586	749	663	546	682	682	585	585	589	705	744
P	600	572	587	750	664	547	683	683	586	586	590	706	745
G	601	573	588	751	665	548	684	684	587	587	591	707	746
T	602	574	589	752	666	549	685		588	588	592	708	747
N	603	575	590	753	667				589	589	593	709	748
T	604	576	591	754	668			685	590	590	594	710	749
S	605	577	592	755	669	550	686	686	591	591	595	711	750
N	606	578	593	756	670	551	687	687	592	592	596	712	751
Q	607	579	594	757		552	688	688	593	593	597	713	752
V	608	580	595	758		553	689	689	594	594	598	714	753
A	609	581	596	759	671	554	690	690	595	595	599	715	754
V	610	582	597	760	672	555	691	691	596	596	600	716	755
L	611	583	598	761	673	556	692	692	597	597	601	717	756
Y	612	584	599	762	674	557	693	693	598	598	602	718	757
Q	613	585	600	763	675	558	694	694	599	599	603	719	758
D	614	586	601	764	676	559	695	695	600	600	604	720	759
V	615	587	602	765	677	560	696	696	601	601	605	721	760
N	616	588	603	766	678	561	697	697	602	602	606	722	761
C	617	589	604	767	679	562	698	698	603	603	607	723	762
T	618	590	605	768	680	563	699	699	604	604	608	724	763
E	619	591	606	769	681	564	700	700	605	605	609	725	764
V	620	592	607	770	682	565	701	701	606	606	610		765
P	621	593	608	771	683	566	702	702	607	607	611		766
V	622	594	609	772	684	567	703	703	608	608	612	726	767
A	623	595	610	773	685	568	704	704	609	609	613	727	768
I	624	596	611	774	686	569	705		610	610	614	728	769
H	625	597	612		689	570	706	706	611	611	615		
A	626	598	613		690	571	707	707	612	612	616		
D	627	599	614		691	572	708	708	613	613	617		
Q	628	600	615		692	573	709		614	614	618		
L	629	601	616		693				615	615	619		
T	630	602	617		694				616	616	620		
P	631	603	618		695				617	617	621		
T	632	604	619	775	696				618	618	622	729	770
W	633	605	620	776	697				619	619	623	730	771
R	634	606	621	777	698				620	620	624	731	772
V	635	607	622	778	699				621	621	625	732	773
Y	636	608	623	779	700				622	622	626	733	774
S	637	609	624	780	701	574	710	710	623	623	629	734	775
T	638	610	625	781	702	575	711	711	624	624	630	735	776
G	639	611	626	782	703	576	712	712	625	625	631		777
S	640	612	627	783	704	577	713	713	626	626	632		778
N	641	613	628	784	705	578	714	714	627	627	633		779
V	642	614	629	785	706	579	715	715	628	628	634		780
F	643	615	630	786	707	580	716	716	629	629	635		781
Q	644	616	631	787	708	581	717	717	630	630	636		782
T	645	617	632	788	709	582	718	718	631	631	637		783
R	646	618	633	789	710	583	719	719	632	632	638		784
A	647	619	634	790	711	584	720	720	633	633	639		785
G	648	620	635	791	712	585	721	721	634	634	640		786
C	649	621	636	792	713	586	722	722	635	635	641		787
L	650	622	637	793	714	587	723	723	636	636	642		788
I	651	623	638	794	715	588	724	724	637	637	643		789
G	652	624	639	795	716	589	725	725	638	638	644		790
A	653	625	640	796	717	590	726	726	639	639	645		791
E	654	626	641		718	591	727	727	640	640	646		
H	655	627	642		719	592	728	728	641	641	647		
V	656	628	643		720	593	729	729	642	642	648		
N	657	629	644		721	594	730	730	643	643	649		
N	658	630	645	797	723	597	733	733	644	644	650	736	792
S	659	631	646	798	724	598	734	734	645	645	651	737	793
Y	660	632	647	799	725	599	735	735	646	646	652	738	794
E	661	633	648	800	726	600	736	736	647	647	653	739	795
C	662	634	649	801	727	601	737	737	648	648	654	740	796
D	663	635	650		728	602	738	738	649	649	655	741	
I	664	636	651	802	729	603	739	739	650	650	656	742	797
P	665	637	652	803	730	604	740	740	651	651	657	743	798
I	666	638	653	804	731	605	741		652	652	658	744	799
G	667	639	654	809	732	606	742	742	653	653	659	749	804
A	668	640	655	810	733	607	743	743	654	654	660	750	805
G	669	641	656	811	734	608	744	744	655	655	661	751	806
I	670	642	657	812	735	609	745	745	656	656	662	752	807
C	671	643	658	813	736	610	746	746	657	657	663	753	808
A	672	644	659	814	737	611	747	747	658	658	664	754	809
S	673	645	660	815	738	612	748	748	659	659	665	755	810
Y	674	646	661	816	739	613	749	749	660	660	666	756	811
Q	675	647	662		740	614	750	750	661	661	667		
T	676	648	663		741	615	751	751	662	662	668		
Q	677	649	664		742	616	752	752	663	663	669		
T	678	650	665		743	617	753		664	664	670		
N	679				744						671		
S	680				746						672		
P	681				747			753					
R	682				748	618	754	754					
R	683	651	666		749	619	755	755	665	665	673		
A	684	652	667		750	620	756	756	666	666	674		
R	685	653	668		751	621	757	757	667	667	675		
S	686	654	669		752	622	758	758	668	668	676		
V	687	655	670		753	623	759	759	669	669	677		
A	688	656	671		754	624	760	760	670	670	678		
S	689	657	672	817	758	628	764	764	671	671	679	757	812
Q	690	658	673	818	759	629	765	765	672	672		758	813
S	691	659	674	819	760	630	766	766	673	673	680	759	814
I	692	660	675	820	761	631	767	767	674	674	681	760	815
I	693	661	676	821	762	632	768	768	675	675	682	761	816
A	694	662	677	822	763	633	769	769	676	676	683	762	817
Y	695	663	678	823	764	634	770	770	677	677	684	763	818
T	696	664	679	824	765	635	771	771	678	678	685	764	819
M	697	665	680	825	766	636	772	772	679	679	686	765	820
S	698	666	681	826	767	637	773	773	680	680	687	766	821
L	699	667	682	827	768	638	774	774	681	681	688	767	822
G	700	668	683	828	769	639	775	775	682	682	689	768	823
A	701	669	684		770	640	776	776	683	683	690		
E	702	670	685			641	777	777	684	684	691		
N	703	671	686	829	771	642	778	778	685	685	692	769	824
S	704	672	687	830	772	643	779	779	686	686	693	770	825
V	705	673	688	831	773	644	780	780	687	687	694	771	826
A	706	674	689	832	774	645	781	781	688	688	695	772	827
Y	707	675	690	833	775	646	782	782	689	689	696	773	828
S	708	676	691	834	776	647	783	783	690	690	697	774	829
N	709	677	692	835	777	648	784	784	691	691	698	775	830
N	710	678	693	836	778	649	785	785	692	692	699	776	831
S	711	679	694	837	779	652	788	788	693	693	700	777	832
I	712	680	695	838	780	653	789	789	694	694	701	778	833
A	713	681	696	839	781	654	790	790	695	695	702	779	834
I	714	682	697	840	782	655	791	791	696	696	703	780	835
P	715	683	698	841	783	656	792	792	697	697	704	781	836
T	716	684	699	842	784	657	793	793	698	698	705	782	837
N	717	685	700	843	785	658	794	794	699	699	706	783	838
F	718	686	701	844	786	659	795	795	700	700	707	784	839
T	719	687	702	845	787	660	796	796	701	701	708	785	840
I	720	688	703	846	788	661	797	797	702	702	709	786	841
S	721	689	704	847	789	662	798	798	703	703	710	787	842
V	722	690	705	848	790	663	799	799	704	704	711	788	843
T	723	691	706	849	791	664	800	800	705	705	712	789	844
T	724	692	707	850	792	665	801	801	706	706	713	790	845
E	725	693	708	851	793	666	802	802	707	707	714	791	846
I	726	694	709	852	794	667	803	803	708	708	715	792	847
L	727	695	710	853	795	668	804	804	709	709	716	793	848
P	728	696	711	854	796	669	805	805	710	710	717	794	849
V	729	697	712	855	797	670	806	806	711	711	718	795	850
S	730	698	713	856	798	671	807	807	712	712	719	796	851
M	731	699	714	857	799	672	808	808	713	713	720	797	852
T	732	700	715	858	800	673	809	809	714	714	721	798	853
K	733	701	716	859	801	674	810	810	715	715	722	799	854
T	734	702	717	860	802	675	811	811	716	716	723	800	855
S	735	703	718	861	803	676	812	812	717	717	724	801	856
V	736	704	719	862	804	677	813	813	718	718	725	802	857
D	737	705	720	863	805	678	814	814	719	719	726	803	858
C	738	706	721	864	806	679	815	815	720	720	727	804	859
T	739	707	722	865	807	680	816	816	721	721	728	805	860
M	740	708	723	866	808	681	817	817	722	722	729	806	861
Y	741	709	724	867	809	682	818	818	723	723	730	807	862
I	742	710	725	868	810	683	819	819	724	724	731	808	863
C	743	711	726	869	811	684	820	820	725	725	732	809	864
G	744	712	727	870	812	685	821	821	726	726	733	810	865
D	745	713	728	871	813	686	822	822	727	727	734	811	866
S	746	714	729	872	814	687	823	823	728	728	735	812	867
T	747	715	730	873	815	688	824	824	729	729	736	813	868
E	748	716	731	874	816	689	825	825	730	730	737	814	869
C	749	717	732	875	817	690	826	826	731	731	738	815	870
S	750	718	733	876	818	691	827	827	732	732	739	816	871
N	751	719	734	877	819	692	828	828	733	733	740	817	872
L	752	720	735	878	820	693	829	829	734	734	741	818	873
L	753	721	736	879	821	694	830	830	735	735	742	819	874
L	754	722	737	880	822	695	831	831	736	736	743	820	875
Q	755	723	738	881	823	696	832	832	737	737	744	821	876
Y	756	724	739	882	824	697	833	833	738	738	745	822	877
G	757	725	740	883	825	698	834	834	739	739	746	823	878
S	758	726	741	884	826	699	835	835	740	740	747	824	879
F	759	727	742	885	827	700	836	836	741	741	748	825	880
C	760	728	743	886	828	701	837	837	742	742	749	826	881
T	761	729	744	887	829	702	838	838	743	743	750	827	882
Q	762	730	745	888	830	703	839	839	744	744	751	828	883
L	763	731	746	889	831	704	840	840	745	745	752	829	884
N	764	732	747	890	832	705	841	841	746	746	753	830	885
R	765	733	748	891	833	706	842	842	747	747	754	831	886
A	766	734	749	892	834	707	843	843	748	748	755	832	887
L	767	735	750	893	835	708	844	844	749	749	756	833	888
T	768	736	751	894	836	709	845	845	750	750	757	834	889
G	769	737	752	895	837	710	846	846	751	751	758	835	890
I	770	738	753	896	838	711	847	847	752	752	759	836	891
A	771	739	754	897	839	712	848	848	753	753	760	837	892
V	772	740	755	898	840	713	849	849	754	754	761	838	893
E	773	741	756	899	841	714	850	850	755	755	762	839	894
Q	774	742	757	900	842	715	851	851	756	756	763	840	895
D	775	743	758	901	843	716	852	852	757	757	764	841	896
K	776	744	759	902	844	717	853	853	758	758	765	842	897
N	777	745	760	903	845	718	854	854	759	759	766	843	898
T	778	746	761	904	846	719	855	855	760	760	767	844	899
Q	779	747	762	905	847	720	856	856	761	761	768	845	900
E	780	748	763	906	848	721	857	857	762	762	769	846	901
V	781	749	764	907	849	722	858	858	763	763	770	847	902
F	782	750	765	908	850	723	859	859	764	764	771	848	903
A	783	751	766	909	851	724	860	860	765	765	772	849	904
Q	784	752	767	910	852	725	861	861	766	766	773	850	905
V	785	753	768	911	853	726	862	862	767	767	774	851	906
K	786	754	769	912	854	727	863	863	768	768	775	852	907
Q	787	755	770	913	855	728	864	864	769		776	853	908
I	788	756	771	914	856	731	867	867	770	770	777	854	909
Y	789	757	772	915	857	732	868	868	771	771	778	855	910
K	790	758	773	916	858	733	869	869	772	772	779	856	911
T	791	759	774	917	859	734	870	870	773	773	780	857	912
P	792	760	775	918	860	735	871	871	774	774	781	858	913
P	793	761	776	919	861	736	872	872	775	775	782	859	914
I	794	762	777	920	862	737	873	873	776	776	783	860	915
K	795	763	778	921	863	738	874	874	777	777	784	861	916
D	796	764	779	922	864	739	875	875	778	778	785	862	917
F	797	765	780	923	865	740	876	876	779	779	786	863	918
G	798	766	781	924	866	741	877	877	780	780	787	864	919
G	799	767	782	925	867	742	878	878	781		788	865	920
F	800	768	783	939	869	747	883	883	782	782	789	868	934
N	801	769	784	940	870	748	884	884	783	783	790	869	935
F	802	770	785	941	871	749	885	885	784	784	791	870	936
S	803	771	786	942	872	750	886	886	785	785	792	871	937
Q	804	772	787	943	873	751	887	887	786	786	793	872	938
I	805	773	788	944	874	752	888	888	787	787	794	873	939
L	806	774	789	945	875	753	889	889	788	788	795	874	940
P	807	775	790	946	876	754	890	890	789		796	875	941
D	808	776	791	954	880	766	899	899	790	790	797	883	949
P	809	777	792	955	881	767	900	900	791	791	798	884	950
S	810	778	793	956	882	768	901	901	792	792	799	885	951
K	811	779	794	957	883	769	902	902	793	793	800	886	952
P	812	780	795	958	884	770	903	903	794	794	801	887	953
S	813	781	796	959	885	771	904	904	795	795	802	888	954
K	814	782	797	960	886	772	905	905	796	796	803	889	955
R	815	783	798	961	887	773	906	906	797	797	804	890	956
S	816	784	799	962	888	774	907	907	798	798	805	891	957
F	817	785	800	963	889	775	908	908	799	799	806	892	958
I	818	786	801	964	890	776	909	909	800	800	807	893	959
E	819	787	802	965	891	777	910	910	801	801	808	894	960
D	820	788	803	966	892	778	911	911	802	802	809	895	961
L	821	789	804	967	893	779	912	912	803	803	810	896	962
L	822	790	805	968	894	780	913	913	804	804	811	897	963
F	823	791	806	969	895	781	914	914	805	805	812	898	964
N	824	792	807	970	896	782	915	915	806	806	813	899	965
K	825	793	808	971	897	783	916	916	807	807	814	900	966
V	826	794	809	972	898	784	917	917	808	808	815	901	967
T	827	795	810	973	899	785	918	918	809	809	816	902	968
L	828	796	811	974	900	786	919	919	810	810	817	903	969
A	829	797	812	975	901	787	920	920	811	811	818	904	970
D	830	798	813	976	902	788	921	921	812	812	819	905	971
A	831	799	814	977	903	789	922	922	813	813	820	906	972
G	832	800	815	978	904	790	923	923	814	814	821	907	973
F	833	801	816	979	905	791	924	924	815	815	822	908	974
I	834	802	817	980	906	792			816		823	909	975
K	835	803	818	982	907	793	926	926	817	817	824	911	977
Q	836	804	819	983	908	794	927	927	818	818	825	912	978
Y	837	805	820	984	909	795	928	928	819	819	826	913	979
G	838	806	821	985	910	796	929	929	820	820	827	914	980
D	839	807	822	986	911	797	930	930	821	821	828	915	981
C	840	808	823	987	912	798	931	931	822	822	829	916	982
L	841	809	824	988	913	799			823		830	917	983
G	842	810	825	989	916	800	933	933	824	824	831	918	984
D	843	811	826	990	917	801	934	934	825	825	832	919	985
I	844	812	827	991	918	802	935	935	826	826	833	920	986
A	845	813	828	992	919	803	936	936	827	827	834	921	987
A	846	814	829	993	920	804	937	937	828	828	835	922	988
R	847	815	830	994	921	805	938	938	829	829	836	923	989
D	848	816	831	995	922	806	939	939	830	830	837	924	990
L	849	817	832	996	923	807	940	940	831	831	838	925	991
I	850	818	833	997	924	808	941	941	832	832	839	926	992
C	851	819	834	998	925	809	942	942	833	833	840	927	993
A	852	820	835	999	926	810	943	943	834	834	841	928	994
Q	853	821	836	1000	927	811	944	944	835	835	842	929	995
K	854	822	837	1001	928	812	945	945	836	836	843	930	996
F	855	823	838	1002	929	813	946	946	837	837	844	931	997
N	856	824	839	1003	930	814	947	947	838	838	845	932	998
G	857	825	840	1004	931	815	948	948	839	839	846	933	999
L	858	826	841	1005	932	816	949	949	840	840	847	934	1000
T	859	827	842	1006	933	817	950	950	841	841	848	935	1001
V	860	828	843	1007	934	818	951	951	842	842	849	936	1002
L	861	829	844	1008	935	819	952	952	843	843	850	937	1003
P	862	830	845	1009	936	820	953	953	844	844	851	938	1004
P	863	831	846	1010	937	821	954	954	845	845	852	939	1005
L	864	832	847	1011	938	822	955	955	846	846	853	940	1006
L	865	833	848	1012	939	823	956	956	847	847	854	941	1007
T	866	834	849	1013	940	824	957	957	848	848	855	942	1008
D	867	835	850	1014	941	825	958	958	849	849	856	943	1009
E	868	836	851	1015	942	826	959	959	850	850	857	944	1010
M	869	837	852	1016	943	827	960	960	851	851	858	945	1011
I	870	838	853	1017	944	828	961	961	852	852	859	946	1012
A	871	839	854	1018	945	829	962	962	853	853	860	947	1013
Q	872	840	855	1019	946	830	963	963	854	854	861	948	1014
Y	873	841	856	1020	947	831	964	964	855	855	862	949	1015
T	874	842	857	1021	948	832	965	965	856	856	863	950	1016
S	875	843	858	1022	949	833	966	966	857	857	864	951	1017
A	876	844	859	1023	950	834	967	967	858	858	865	952	1018
L	877	845	860	1024	951	835	968	968	859	859	866	953	1019
L	878	846	861	1025	952	836	969	969	860	860	867	954	1020
A	879	847	862	1026	953	837	970	970	861	861	868	955	1021
G	880	848	863	1027	954	838	971	971	862	862	869	956	1022
T	881	849	864	1028	955	839	972	972	863	863	870	957	1023
I	882	850	865	1029	956	840	973	973	864	864	871	958	1024
T	883	851	866	1030	957	841	974	974	865	865	872	959	1025
S	884	852	867	1031	958	842	975	975	866	866	873	960	1026
G	885	853	868	1032	959	843	976	976	867	867	874	961	1027
W	886	854	869	1033	960	844	977	977	868	868	875	962	1028
T	887	855	870	1034	961	845			869	869	876	963	1029
F	888	856	871		962				870	870	877		
G	889	857	872		963				871	871	878		
A	890	858	873		964				872	872	879		
G	891	859	874	1035	965		978	978	873	873	880		1030
A	892	860	875	1036	966	846	979	979	874	874	881	964	1031
A	893	861	876	1037	967	847	980	980	875	875	882	965	1032
L	894	862	877	1038	968	848	981	981	876	876	883	966	1033
Q	895	863	878	1039	969	849	982	982	877	877	884	967	1034
I	896	864	879	1040	970	850	983	983	878	878	885	968	1035
P	897	865	880	1041	971	851	984	984	879	879	886	969	1036
F	898	866	881	1042	972	852	985	985	880	880	887	970	1037
A	899	867	882	1043	973	853	986	986	881	881	888	971	1038
M	900	868	883	1044	974	854	987	987	882	882	889	972	1039
Q	901	869	884	1045	975	855	988	988	883	883	890	973	1040
M	902	870	885	1046	976	856	989	989	884	884	891	974	1041
A	903	871	886	1047	977	857	990	990	885	885	892	975	1042
Y	904	872	887	1048	978	858	991	991	886	886	893	976	1043
R	905	873	888	1049	979	859	992	992	887	887	894	977	1044
F	906	874	889	1050	980	860	993	993	888	888	895	978	1045
N	907	875	890	1051	981	861	994	994	889	889	896	979	1046
G	908	876	891	1052	982	862	995	995	890	890	897	980	1047
I	909	877	892	1053	983	863	996	996	891	891	898	981	1048
G	910	878	893	1054	984	864	997	997	892	892	899	982	1049
V	911	879	894	1055	985	865	998	998	893	893	900	983	1050
T	912	880	895	1056	986	866	999	999	894	894	901	984	1051
Q	913	881	896	1057	987	867	1000	1000	895	895	902	985	1052
N	914	882	897	1058	988	868	1001	1001	896	896	903	986	1053
V	915	883	898	1059	989	869	1002	1002	897	897	904	987	1054
L	916	884	899	1060	990	870	1003	1003	898	898	905	988	1055
Y	917	885	900	1061	991	871	1004	1004	899	899	906	989	1056
E	918	886	901	1062	992	872	1005	1005	900	900	907	990	1057
N	919	887	902	1063	993	873	1006	1006	901	901	908	991	1058
Q	920	888	903	1064	994	874	1007	1007	902	902	909	992	1059
K	921	889	904	1065	995	875	1008	1008	903	903	910	993	1060
L	922	890	905	1066	996	876	1009	1009	904	904	911	994	1061
I	923	891	906	1067	997	877	1010	1010	905	905	912	995	1062
A	924	892	907	1068	998	878	1011	1011	906	906	913	996	1063
N	925	893	908	1069	999	879	1012	1012	907	907	914	997	1064
Q	926	894	909	1070	1000	880	1013	1013	908	908	915	998	1065
F	927	895	910	1071	1001	881	1014	1014	909	909	916	999	1066
N	928	896	911	1072	1002	882	1015	1015	910	910	917	1000	1067
S	929	897	912	1073	1003	883	1016	1016	911	911	918	1001	1068
A	930	898	913	1074	1004	884	1017	1017	912	912	919	1002	1069
I	931	899	914	1075	1005	885	1018	1018	913	913	920	1003	1070
G	932	900	915	1076	1006	886	1019	1019	914	914	921	1004	1071
K	933	901	916	1077	1007	887	1020	1020	915	915	922	1005	1072
I	934	902	917	1078	1008	888	1021	1021	916	916	923	1006	1073
Q	935	903	918	1079	1009	889	1022	1022	917	917	924	1007	1074
D	936	904	919	1080	1010	890	1023	1023	918	918	925	1008	1075
S	937	905	920	1081	1011	891	1024	1024	919	919	926	1009	1076
L	938	906	921	1082	1012	892	1025	1025	920	920	927	1010	1077
S	939	907	922	1083	1013	893	1026	1026	921	921	928	1011	1078
S	940	908	923	1084	1014	894	1027	1027	922	922	929	1012	1079
T	941	909	924	1085	1015	895	1028	1028	923	923	930	1013	1080
A	942	910	925	1086	1016	896	1029	1029	924	924	931	1014	1081
S	943	911	926	1087	1017	897			925		932	1015	1082
A	944	912	927	1102	1018	898	1031	1031	926	926	933	1030	1097
L	945	913	928	1103	1019	899	1032	1032	927	927	934	1031	1098
G	946	914	929	1104	1020	900	1033	1033	928	928	935	1032	1099
K	947	915	930	1105	1021	901	1034	1034	929	929	936	1033	1100
L	948	916	931	1106	1022	902	1035	1035	930	930	937	1034	1101
Q	949	917	932	1107	1023	903	1036	1036	931	931	938	1035	1102
D	950	918	933	1108	1024	904	1037	1037	932	932	939	1036	1103
V	951	919	934	1109	1025	905	1038	1038	933	933	940	1037	1104
V	952	920	935	1110	1026	906	1039	1039	934	934	941	1038	1105
N	953	921	936	1111	1027	907	1040	1040	935	935	942	1039	1106
Q	954	922	937	1112	1028	908	1041	1041	936	936	943	1040	1107
N	955	923	938	1113	1029	909	1042	1042	937	937	944	1041	1108
A	956	924	939	1114	1030	910	1043	1043	938	938	945	1042	1109
Q	957	925	940	1115	1031	911	1044	1044	939	939	946	1043	1110
A	958	926	941	1116	1032	912	1045	1045	940	940	947	1044	1111
L	959	927	942	1117	1033	913	1046	1046	941	941	948	1045	1112
N	960	928	943	1118	1034	914	1047	1047	942	942	949	1046	1113
T	961	929	944	1119	1035	915	1048	1048	943	943	950	1047	1114
L	962	930	945	1120	1036	916	1049	1049	944	944	951	1048	1115
V	963	931	946	1121	1037	917	1050	1050	945	945	952	1049	1116
K	964	932	947	1122	1038	918	1051	1051	946	946	953	1050	1117
Q	965	933	948	1123	1039	919	1052	1052	947	947	954	1051	1118
L	966	934	949	1124	1040	920	1053	1053	948	948	955	1052	1119
S	967	935	950	1125	1041	921	1054	1054	949	949	956	1053	1120
S	968	936	951	1126	1042	922	1055	1055	950	950	957	1054	1121
N	969	937	952	1127	1043	923	1056	1056	951	951	958	1055	1122
F	970	938	953	1128	1044	924	1057	1057	952	952	959	1056	1123
G	971	939	954	1129	1045	925	1058	1058	953	953	960	1057	1124
A	972	940	955	1130	1046	926	1059	1059	954	954	961	1058	1125
I	973	941	956	1131	1047	927	1060	1060	955	955	962	1059	1126
S	974	942	957	1132	1048	928	1061	1061	956	956	963	1060	1127
S	975	943	958	1133	1049	929	1062	1062	957	957	964	1061	1128
V	976	944	959	1134	1050	930	1063	1063	958	958	965	1062	1129
L	977	945	960	1135	1051	931	1064	1064	959	959	966	1063	1130
N	978	946	961	1136	1052	932	1065	1065	960	960	967	1064	1131
D	979	947	962	1137	1053	933	1066	1066	961	961	968	1065	1132
I	980	948	963	1138	1054	934	1067	1067	962	962	969	1066	1133
L	981	949	964	1139	1055	935	1068	1068	963	963	970	1067	1134
S	982	950	965	1140	1056	936	1069	1069	964	964	971	1068	1135
R	983	951	966	1141	1057	937	1070	1070	965	965	972	1069	1136
L	984	952	967	1142	1058	938	1071	1071	966	966	973	1070	1137
D	985	953	968	1143	1059	939	1072	1072	967	967	974	1071	1138
K	986	954	969	1144	1060	940	1073	1073	968	968	975	1072	1139
V	987	955	970	1145	1061	941	1074	1074	969	969	976	1073	1140
E	988	956	971	1146	1062	942	1075	1075	970	970	977	1074	1141
A	989	957	972	1147	1063	943	1076	1076	971	971	978	1075	1142
E	990	958	973	1148	1064	944	1077	1077	972	972	979	1076	1143
V	991	959	974	1149	1065	945	1078	1078	973	973	980	1077	1144
Q	992	960	975	1150	1066	946	1079	1079	974	974	981	1078	1145
I	993	961	976	1151	1067	947	1080	1080	975	975	982	1079	1146
D	994	962	977	1152	1068	948	1081	1081	976	976	983	1080	1147
R	995	963	978	1153	1069	949	1082	1082	977	977	984	1081	1148
L	996	964	979	1154	1070	950	1083	1083	978	978	985	1082	1149
I	997	965	980	1155	1071	951	1084	1084	979	979	986	1083	1150
T	998	966	981	1156	1072	952	1085	1085	980	980	987	1084	1151
G	999	967	982	1157	1073	953	1086	1086	981	981	988	1085	1152
R	1000	968	983	1158	1074	954	1087	1087	982	982	989	1086	1153
L	1001	969	984	1159	1075	955	1088	1088	983	983	990	1087	1154
Q	1002	970	985	1160	1076	956	1089	1089	984	984	991	1088	1155
S	1003	971	986	1161	1077	957	1090	1090	985	985	992	1089	1156
L	1004	972	987	1162	1078	958	1091	1091	986	986	993	1090	1157
Q	1005	973	988	1163	1079	959	1092	1092	987	987	994	1091	1158
T	1006	974	989	1164	1080	960	1093	1093	988	988	995	1092	1159
Y	1007	975	990	1165	1081	961	1094	1094	989	989	996	1093	1160
V	1008	976	991	1166	1082	962	1095	1095	990	990	997	1094	1161
T	1009	977	992	1167	1083	963	1096	1096	991	991	998	1095	1162
Q	1010	978	993	1168	1084	964	1097	1097	992	992	999	1096	1163
Q	1011	979	994	1169	1085	965	1098	1098	993	993	1000	1097	1164
L	1012	980	995	1170	1086	966	1099	1099	994	994	1001	1098	1165
I	1013	981	996	1171	1087	967	1100	1100	995	995	1002	1099	1166
R	1014	982	997	1172	1088	968	1101	1101	996	996	1003	1100	1167
A	1015	983	998	1173	1089	969	1102	1102	997	997	1004	1101	1168
A	1016	984	999	1174	1090	970	1103	1103	998	998	1005	1102	1169
E	1017	985	1000	1175	1091	971	1104	1104	999	999	1006	1103	1170
I	1018	986	1001	1176	1092	972	1105	1105	1000	1000	1007	1104	1171
R	1019	987	1002	1177	1093	973	1106	1106	1001	1001	1008	1105	1172
A	1020	988	1003	1178	1094	974	1107	1107	1002	1002	1009	1106	1173
S	1021	989	1004	1179	1095	975	1108	1108	1003	1003	1010	1107	1174
A	1022	990	1005	1180	1096	976	1109	1109	1004	1004	1011	1108	1175
N	1023	991	1006	1181	1097	977	1110	1110	1005	1005	1012	1109	1176
L	1024	992	1007	1182	1098	978	1111	1111	1006	1006	1013	1110	1177
A	1025	993	1008	1183	1099	979	1112	1112	1007	1007	1014	1111	1178
A	1026	994	1009	1184	1100	980	1113	1113	1008	1008	1015	1112	1179
T	1027	995	1010	1185	1101	981	1114	1114	1009	1009	1016	1113	1180
K	1028	996	1011	1186	1102	982	1115	1115	1010	1010	1017	1114	1181
M	1029	997	1012	1187	1103	983	1116	1116	1011	1011	1018	1115	1182
S	1030	998	1013	1188	1104	984	1117	1117	1012	1012	1019	1116	1183
E	1031	999	1014	1189	1105	985	1118	1118	1013	1013	1020	1117	1184
C	1032	1000	1015	1190	1106	986	1119	1119	1014	1014	1021	1118	1185
V	1033	1001	1016	1191	1107	987	1120	1120	1015	1015	1022	1119	1186
L	1034	1002	1017	1192	1108	988	1121	1121	1016	1016	1023	1120	1187
G	1035	1003	1018	1193	1109	989	1122	1122	1017	1017	1024	1121	1188
Q	1036	1004	1019	1194	1110	990	1123	1123	1018	1018	1025	1122	1189
S	1037	1005	1020	1195	1111	991	1124	1124	1019	1019	1026	1123	1190
K	1038	1006	1021	1196	1112	992	1125	1125	1020	1020	1027	1124	1191
R	1039	1007	1022	1197	1113	993	1126	1126	1021	1021	1028	1125	1192
V	1040	1008	1023	1198	1114	994	1127	1127	1022	1022	1029	1126	1193
D	1041	1009	1024	1199	1115	995	1128	1128	1023	1023	1030	1127	1194
F	1042	1010	1025	1200	1116	996	1129	1129	1024	1024	1031	1128	1195
C	1043	1011	1026	1201	1117	997			1025		1032	1129	1196
G	1044	1012	1027	1202	1118	998	1131	1131	1026	1026	1033	1131	1197
K	1045	1013	1028	1203	1119	999	1132	1132	1027	1027	1034	1132	1198
G	1046	1014	1029	1204	1120	1000	1133	1133	1028	1028	1035	1133	1199
Y	1047	1015	1030	1205	1121	1001	1134	1134	1029	1029	1036	1134	1200
H	1048	1016	1031	1206	1122	1002	1135	1135	1030	1030	1037	1135	1201
L	1049	1017	1032	1207	1123	1003	1136	1136	1031	1031	1038	1136	1202
M	1050	1018	1033	1208	1124	1004	1137	1137	1032	1032	1039	1137	1203
S	1051	1019	1034	1209	1125	1005	1138	1138	1033	1033	1040	1138	1204
F	1052	1020	1035	1210	1126	1006	1139	1139	1034	1034	1041	1139	1205
P	1053	1021	1036	1211	1127	1007	1140	1140	1035	1035	1042	1140	1206
Q	1054	1022	1037	1212	1128	1008	1141	1141	1036	1036	1043	1141	1207
S	1055	1023	1038	1213	1129	1009	1142	1142	1037	1037	1044	1142	1208
A	1056	1024	1039	1214	1130	1010	1143	1143	1038	1038	1045	1143	1209
P	1057	1025	1040	1215	1131	1011	1144	1144	1039	1039	1046	1144	1210
H	1058	1026	1041	1216	1132	1012	1145	1145	1040	1040	1047	1145	1211
G	1059	1027	1042	1217	1133	1013	1146	1146	1041	1041	1048	1146	1212
V	1060	1028	1043	1218	1134	1014	1147	1147	1042	1042	1049	1147	1213
V	1061	1029	1044	1219	1135	1015	1148	1148	1043	1043	1050	1148	1214
F	1062	1030	1045	1220	1136	1016	1149	1149	1044	1044	1051	1149	1215
L	1063	1031	1046	1221	1137	1017	1150	1150	1045	1045	1052	1150	1216
H	1064	1032	1047	1222	1138	1018	1151	1151	1046	1046	1053	1151	1217
V	1065	1033	1048	1223	1139	1019	1152	1152	1047	1047	1054	1152	1218
T	1066	1034	1049	1224	1140	1020	1153	1153	1048	1048	1055	1153	1219
Y	1067	1035	1050	1225	1141	1021	1154	1154	1049	1049	1056	1154	1220
V	1068	1036	1051	1226	1142	1022	1155	1155	1050	1050	1057	1155	1221
P	1069	1037	1052	1227	1143	1023	1156	1156	1051	1051	1058	1156	1222
A	1070	1038	1053	1228	1144	1024	1157	1157	1052	1052	1059	1157	1223
Q	1071	1039	1054	1229	1145	1025	1158	1158	1053	1053	1060	1158	1224
E	1072	1040	1055	1230	1146	1026	1159	1159	1054	1054	1061	1159	1225
K	1073	1041	1056	1231	1147	1027	1160	1160	1055	1055	1062	1160	1226
N	1074	1042	1057	1232	1148	1028	1161	1161	1056	1056	1063	1161	1227
F	1075	1043	1058	1233	1149	1029	1162	1162	1057	1057	1064	1162	1228
T	1076	1044	1059	1234	1150	1030	1163	1163	1058	1058	1065	1163	1229
T	1077	1045	1060	1235	1151	1031	1164	1164	1059	1059	1066	1164	1230
A	1078	1046	1061	1236	1152	1032	1165	1165	1060	1060	1067	1165	1231
P	1079	1047	1062	1237	1153	1033	1166	1166	1061	1061	1068	1166	1232
A	1080	1048	1063	1238	1154	1034	1167	1167	1062	1062	1069	1167	1233
I	1081	1049	1064	1239	1155	1035	1168	1168	1063	1063	1070	1168	1234
C	1082	1050	1065	1240	1156	1036	1169	1169	1064	1064	1071	1169	1235
H	1083	1051	1066	1241	1157	1037	1170	1170	1065	1065	1072	1170	1236
D	1084	1052	1067	1242	1158	1038	1171	1171	1066	1066	1073	1171	1237
G	1085	1053	1068	1243	1159	1039			1067		1074	1172	1238
K	1086	1054	1069	1246	1163	1041	1174	1174	1068	1068	1075		1241
A	1087	1055	1070	1247	1164	1042	1175	1175	1069	1069	1076	1173	1242
H	1088	1056	1071	1248	1165	1043	1176	1176	1070	1070	1077	1174	1243
F	1089	1057	1072	1249	1166	1044			1071		1078	1175	1244
P	1090	1058	1073	1255	1167	1045	1178	1178	1072	1072	1079	1181	1250
R	1091	1059	1074	1256	1168	1046	1179	1179	1073	1073	1080	1182	1251
E	1092	1060	1075	1257	1169	1047	1180	1180	1074	1074	1081	1183	1252
G	1093	1061	1076	1258	1170	1048	1181	1181	1075	1075	1082	1184	1253
V	1094	1062	1077	1259	1171	1049	1182	1182	1076	1076	1083	1185	1254
F	1095	1063	1078	1260	1172	1050	1183	1183	1077	1077	1084	1186	1255
V	1096	1064	1079	1261	1173	1051	1184	1184	1078	1078	1085	1187	1256
S	1097	1065	1080	1262	1174	1052	1185	1185	1079	1079	1086	1188	1257
N	1098	1066	1081	1263	1175	1053	1186	1186	1080	1080	1087	1189	1258
G	1099	1067	1082	1264	1176	1054	1187	1187	1081	1081	1088	1190	1259
T	1100	1068	1083	1265	1177	1055			1082		1089	1191	1260
H	1101	1069	1084	1266	1183	1056	1189	1189	1083	1083	1090	1197	1261
W	1102	1070	1085	1267	1184	1057	1190	1190	1084	1084	1091	1198	1262
F	1103	1071	1086	1268	1185	1058	1191	1191	1085	1085	1092	1199	1263
V	1104	1072	1087	1269	1186	1059	1192	1192	1086	1086	1093	1200	1264
T	1105	1073	1088	1270	1187	1060	1193	1193	1087	1087	1094	1201	1265
Q	1106	1074	1089	1271	1188	1061	1194	1194	1088	1088	1095	1202	1266
R	1107	1075	1090	1272	1189	1062	1195	1195	1089	1089	1096	1203	1267
N	1108	1076	1091	1273	1190	1063	1196	1196	1090	1090	1097	1204	1268
F	1109	1077	1092	1274	1191	1064	1197	1197	1091	1091	1098	1205	1269
Y	1110	1078	1093	1275	1192	1065	1198	1198	1092	1092	1099	1206	1270
E	1111	1079	1094	1276	1193	1066	1199	1199	1093	1093	1100	1207	1271
P	1112	1080	1095	1277	1194	1067	1200	1200	1094	1094	1101	1208	1272
Q	1113	1081	1096	1278	1195	1068	1201	1201	1095	1095	1102	1209	1273
I	1114	1082	1097	1279	1196	1069	1202	1202	1096	1096	1103	1210	1274
I	1115	1083	1098	1280	1197	1070	1203	1203	1097	1097	1104	1211	1275
T	1116	1084	1099	1281	1198	1071	1204	1204	1098	1098	1105	1212	1276
T	1117	1085	1100	1282	1199	1072	1205	1205	1099	1099	1106	1213	1277
D	1118	1086	1101	1283	1200	1073	1206	1206	1100	1100	1107	1214	1278
N	1119	1087	1102	1284	1201	1074	1207	1207	1101	1101	1108	1215	1279
T	1120	1088	1103	1285	1202	1075	1208	1208	1102	1102	1109	1216	1280
F	1121	1089	1104	1286	1203	1076	1209	1209	1103	1103	1110	1217	1281
V	1122	1090	1105	1287	1204	1077	1210	1210	1104	1104	1111	1218	1282
S	1123	1091	1106	1288	1205	1078	1211	1211	1105	1105	1112	1219	1283
G	1124	1092	1107	1289	1206	1079	1212	1212	1106	1106	1113	1220	1284
N	1125	1093	1108	1290	1207	1080	1213	1213	1107	1107	1114	1221	1285
C	1126	1094	1109	1291		1081	1214	1214	1108	1108	1115	1222	1286
D	1127	1095	1110	1292	1208	1082	1215	1215	1109	1109	1116	1223	1287
V	1128	1096	1111	1293	1209	1083	1216	1216	1110	1110	1117	1224	1288
V	1129	1097	1112	1294	1210	1084	1217	1217	1111	1111	1118	1225	1289
I	1130	1098	1113	1295	1211	1085	1218	1218	1112	1112	1119	1226	1290
G	1131	1099	1114	1296	1212	1086	1219	1219	1113	1113	1120	1227	1291
I	1132	1100	1115	1297	1213	1087	1220	1220	1114	1114	1121	1228	1292
V	1133	1101	1116	1298	1214	1088	1221	1221	1115	1115	1122	1229	1293
N	1134	1102	1117	1299	1215	1089	1222	1222	1116	1116	1123	1230	1294
N	1135	1103	1118	1300	1216	1090	1223	1223	1117	1117	1124	1231	1295
T	1136	1104	1119	1301	1217	1091	1224	1224	1118	1118	1125	1232	1296
V	1137	1105	1120	1302	1218	1092	1225	1225	1119	1119	1126	1233	1297
Y	1138	1106	1121	1303	1219	1093	1226	1226	1120	1120	1127	1234	1298
D	1139	1107	1122	1304	1220	1094	1227	1227	1121	1121	1128	1235	1299
P	1140	1108	1123	1305	1221	1095	1228	1228	1122	1122	1129	1236	1300
L	1141	1109	1124	1306	1222	1096	1229	1229	1123	1123	1130	1237	1301
Q	1142	1110	1125	1307	1223	1097	1230	1230	1124	1124	1131	1238	1302
P	1143	1111	1126	1308	1224	1098	1231	1231	1125	1125	1132	1239	1303
E	1144	1112	1127	1309	1225	1099	1232	1232	1126	1126	1133	1240	1304
L	1145	1113	1128	1310	1226	1100	1233	1233	1127	1127	1134	1241	1305
D	1146	1114	1129	1311	1227	1101			1128		1135	1242	1306
S	1147	1115	1130	1316	1230	1102	1235	1235	1129	1129	1136	1247	1311
F	1148	1116	1131	1317	1231	1103	1236	1236	1130	1130	1137	1248	1312
K	1149	1117	1132	1318	1232	1104	1237	1237	1131	1131	1138	1249	1313
E	1150	1118	1133	1319	1233	1105	1238	1238	1132	1132	1139	1250	1314
E	1151	1119	1134	1320	1234	1106	1239	1239	1133	1133	1140	1251	1315
L	1152	1120	1135	1321	1235	1107	1240	1240	1134	1134	1141	1252	1316
D	1153	1121	1136	1322	1236	1108	1241	1241	1135	1135	1142	1253	1317
K	1154	1122	1137	1323	1237	1109	1242	1242	1136	1136	1143	1254	1318
Y	1155	1123	1138	1324	1238	1110	1243	1243	1137	1137	1144	1255	1319
F	1156	1124	1139	1325	1239	1111	1244	1244	1138	1138	1145		1320
K	1157	1125	1140	1326	1240	1112	1245	1245	1139	1139	1146	1256	1321
N	1158	1126	1141	1327	1241	1113	1246	1246	1140	1140	1147	1257	1322
H	1159	1127	1142	1328	1242	1114	1247	1247	1141	1141	1148	1258	1323
T	1160	1128	1143	1329	1243	1115	1248	1248	1142	1142	1149	1259	1324
S	1161	1129	1144	1330	1244	1116	1249	1249	1143		1150	1260	1325
P	1162	1130	1145	1331	1247	1119	1252	1252	1144	1144	1151	1261	1326
D	1163	1131	1146	1332	1248	1120	1253	1253	1145	1145	1152	1262	1327
V	1164	1132	1147	1333	1249	1121	1254	1254	1146	1146	1153	1263	1328
D	1165	1133	1148	1334	1250	1122	1255	1255	1147	1147	1154	1264	1329
L	1166	1134	1149	1335		1123			1148	1148	1155	1265	1330
G	1167	1135	1150				1256	1256	1149	1149	1156		
D	1168	1136	1151	1336	1251	1124	1257	1257	1150	1150	1157	1266	1331
I	1169	1137	1152	1337	1252	1125	1258	1258	1151	1151	1158	1267	1332
S	1170	1138	1153		1253	1126	1259	1259	1152	1152	1159		
G	1171	1139	1154		1254	1127	1260	1260	1153	1153	1160		
I	1172	1140	1155	1338	1255	1128	1261	1261	1154	1154	1161	1268	1333
N	1173	1141	1156	1339	1256	1129	1262	1262	1155	1155	1162	1269	1334
A	1174	1142	1157	1340	1257	1130	1263	1263	1156	1156	1163	1270	1335
S	1175	1143	1158	1341	1258	1131	1264	1264	1157	1157	1164	1271	1336
V	1176	1144	1159	1342	1259	1132	1265	1265	1158	1158	1165	1272	1337
V	1177	1145	1160	1343	1260	1133	1266	1266	1159	1159	1166	1273	1338
N	1178	1146	1161	1344	1261	1134	1267	1267	1160	1160	1167	1274	1339
I	1179	1147	1162	1345	1262	1135	1268	1268	1161	1161	1168	1275	1340
Q	1180	1148	1163	1346	1263	1136	1269	1269	1162	1162	1169	1276	1341
K	1181	1149	1164	1347	1264	1137	1270	1270	1163	1163	1170	1277	1342
E	1182	1150	1165	1348	1265	1138	1271	1271	1164	1164	1171	1278	1343
I	1183	1151	1166	1349	1266	1139	1272	1272	1165	1165	1172	1279	1344
D	1184	1152	1167	1350	1267	1140	1273	1273	1166	1166	1173	1280	1345
R	1185	1153	1168	1351	1268	1141	1274	1274	1167	1167	1174	1281	1346
L	1186	1154	1169	1352	1269	1142	1275	1275	1168	1168	1175	1282	1347
N	1187	1155	1170	1353	1270	1143	1276	1276	1169	1169	1176	1283	1348
E	1188	1156	1171	1354	1271	1144			1170		1177	1284	1349
V	1189	1157	1172	1369	1272	1145	1278	1278	1171	1171	1178	1299	1364
A	1190	1158	1173	1370	1273	1146	1279	1279	1172	1172	1179	1300	1365
K	1191	1159	1174	1371	1274	1147	1280	1280	1173	1173	1180	1301	1366
N	1192	1160	1175	1372	1275	1148	1281	1281	1174	1174	1181	1302	1367
L	1193	1161	1176	1373	1276	1149	1282	1282	1175	1175	1182	1303	1368
N	1194	1162	1177	1374	1277	1150	1283	1283	1176	1176	1183	1304	1369
E	1195	1163	1178	1375	1278	1151	1284	1284	1177	1177	1184	1305	1370
S	1196	1164	1179	1376	1279	1152	1285	1285	1178	1178	1185	1306	1371
L	1197	1165	1180	1377	1280	1153	1286	1286	1179	1179	1186	1307	1372
I	1198	1166	1181	1378	1281	1154	1287	1287	1180	1180	1187	1308	1373
D	1199	1167	1182	1379	1282	1155	1288	1288	1181	1181	1188	1309	1374
L	1200	1168	1183	1380	1283	1156	1289	1289	1182	1182	1189	1310	1375
Q	1201	1169	1184	1381	1284	1157	1290	1290	1183	1183	1190	1311	1376
E	1202	1170	1185	1382	1285	1158	1291	1291	1184	1184	1191	1312	1377
L	1203	1171	1186	1383	1286	1159	1292	1292	1185	1185	1192	1313	1378
G	1204	1172	1187	1384	1287	1160	1293	1293	1186	1186	1193	1314	1379
K	1205	1173	1188	1385	1288	1161	1294	1294	1187	1187	1194	1315	1380
Y	1206	1174	1189	1386	1289	1162	1295	1295	1188	1188	1195	1316	1381
E	1207	1175	1190	1387	1290	1163	1296	1296	1189	1189	1196	1317	1382
Q	1208	1176	1191	1388	1291	1164	1297	1297	1190	1190	1197	1318	1383
Y	1209	1177	1192	1389	1292	1165	1298	1298	1191	1191	1198	1319	1384
I	1210	1178	1193	1390	1293	1166	1299	1299	1192	1192	1199	1320	1385
K	1211	1179	1194	1391	1294	1167	1300	1300	1193	1193	1200	1321	1386
W	1212	1180	1195	1392	1295	1168	1301	1301	1194	1194	1201	1322	1387
P	1213	1181	1196	1393	1296	1169	1302	1302	1195	1195	1202	1323	1388
W	1214	1182	1197	1394	1297	1170	1303	1303	1196	1196	1203	1324	1389
Y	1215	1183	1198	1395	1298	1171	1304	1304	1197	1197	1204	1325	1390
I	1216	1184	1199	1396	1299	1172	1305	1305	1198	1198	1205	1326	1391
W	1217	1185	1200	1397	1300	1173	1306	1306	1199	1199	1206	1327	1392
L	1218	1186	1201	1398	1301	1174			1200	1200	1207	1328	1393
G	1219	1187	1202		1302				1201	1201	1208		
F	1220	1188	1203		1303		1307	1307	1202	1202	1209		
I	1221	1189	1204	1399	1304	1175	1308	1308	1203	1203	1210	1329	1394
A	1222	1190	1205	1400	1305	1176	1309	1309	1204	1204	1211	1330	1395
G	1223	1191	1206	1401	1306	1177	1310	1310	1205	1205	1212	1331	1396
L	1224	1192	1207	1402	1307	1178	1311	1311	1206	1206	1213	1332	1397
I	1225	1193	1208	1403	1308	1179	1312	1312	1207	1207	1214	1333	1398
A	1226	1194	1209	1404	1309	1180	1313	1313	1208	1208	1215	1334	1399
I	1227	1195	1210	1405	1310	1181	1314	1314	1209	1209	1216	1335	1400
V	1228	1196	1211	1406	1311	1182	1315	1315	1210	1210	1217	1336	1401
M	1229	1197	1212	1407	1312	1183	1316	1316	1211	1211	1218	1337	1402
V	1230	1198	1213	1408	1313	1184	1317	1317	1212	1212	1219	1338	1403
T	1231	1199	1214	1409	1314	1185	1318	1318	1213		1220	1339	1404
I	1232	1200	1215	1412	1315	1188	1321	1321	1214	1214	1221	1342	1407
M	1233	1201	1216	1413	1316	1189	1322	1322	1215	1215	1222	1343	1408
L	1234	1202	1217	1414	1317	1190	1323	1323	1216	1216	1223	1344	1409
C	1235	1203	1218	1415	1318	1191	1324	1324	1217	1217	1224	1345	1410
C	1236	1204	1219	1416	1319	1192	1325	1325	1218	1218	1225	1346	1411
M	1237	1205	1220	1417	1320	1193	1326	1326	1219	1219	1226	1347	1412
T	1238	1206	1221	1418	1321	1194	1327	1327	1220	1220	1227	1348	1413
S	1239	1207	1222	1419	1322	1195	1328	1328	1221	1221	1228	1349	1414
C	1240	1208	1223	1420	1323	1196	1329	1329	1222	1222	1229	1350	1415
C	1241	1209	1224	1421	1324	1197	1330	1330	1223	1223	1230	1351	1416
S	1242	1210	1225	1422	1325	1198	1331	1331	1224	1224	1231	1352	1417
C	1243	1211	1226	1423	1326	1199	1332	1332	1225	1225	1232	1353	1418
L	1244	1212	1227	1424	1327	1200	1333	1333	1226	1226	1233	1354	1419
K	1245	1213	1228	1425	1328	1201	1334	1334	1227	1227	1234	1355	1420
G	1246	1214	1229	1426	1329	1202			1228	1228	1235	1356	1421
C	1247	1215	1230	1427	1330				1229	1229	1236	1357	1422
C	1248	1216	1231	1428	1331		1335	1335	1230	1230	1237	1358	1423
S	1249	1217	1232	1429	1332	1203	1336	1336	1231	1231	1238	1359	1424
C	1250	1218	1233	1430	1333	1204			1232		1239	1360	1425
G	1251	1219	1234	1432	1334	1205	1338	1338	1233	1233	1240	1362	1427
S	1252	1220	1235	1433	1335	1206	1339	1339	1234	1234	1241	1363	1428
C	1253	1221	1236	1434	1336	1207	1340	1340	1235	1235	1242	1364	1429
C	1254	1222	1237	1435	1337	1208	1341	1341	1236		1243	1365	1430
K	1255	1223	1238	1437	1339	1210	1343	1343	1237	1237	1244	1367	1432
F	1256	1224	1239	1438	1340	1211	1344	1344	1238	1238	1245	1368	1433
D	1257	1225	1240	1439	1341	1212	1345	1345	1239	1239	1246	1369	1434
E	1258	1226	1241	1440	1342	1213	1346	1346	1240	1240	1247	1370	1435
D	1259	1227	1242	1441	1343	1214	1347	1347	1241	1241	1248	1371	1436
D	1260	1228	1243	1442	1344	1215	1348	1348	1242	1242	1249	1372	1437
S	1261	1229	1244	1443	1345	1216	1349	1349	1243	1243	1250	1373	1438
E	1262	1230	1245	1444	1346	1217	1350	1350	1244	1244	1251	1374	1439
P	1263	1231	1246	1445	1347	1218	1351	1351	1245	1245	1252	1375	1440
V	1264	1232	1247	1446		1219	1352	1352	1246	1246	1253	1376	1441
L	1265	1233	1248			1220	1353	1353	1247	1247	1254		
K	1266	1234	1249	1447	1348	1221	1354	1354	1248	1248	1255	1377	1442
G	1267	1235	1250	1448	1349	1222	1355	1355	1249	1249	1256	1378	1443
V	1268	1236	1251	1449	1350	1223	1356	1356	1250	1250	1257	1379	1444
K	1269	1237	1252	1450	1351	1224	1357	1357	1251	1251	1258	1380	1445
L	1270	1238	1253	1451	1352	1225	1358	1358	1252	1252	1259	1381	1446
H	1271	1239	1254	1452	1353	1226	1359	1359	1253	1253	1260	1382	1447
Y	1272	1240	1255			1227	1360	1360	1254	1254	1261		
T	1273	1241	1256			1228			1255		1262		
	1274	1242	1257	1453	1354	1239	1361	1361	1256	1255	1263	1383	1448
