AA	NC_045512	Alignment	DQ364567	NP_828870	AB918719
A	1	310	1	1	310
V	2	311	2	2	311
G	3	312	3	3	312
A	4	313	4	4	313
C	5	314	5	5	314
V	6	315	6	6	315
L	7	316	7	7	316
C	8	317	8	8	317
N	9	318	9	9	318
S	10	319	10	10	319
Q	11	320	11	11	320
T	12	321	12	12	321
S	13	322	13	13	322
L	14	323	14	14	323
R	15	324	15	15	324
C	16	325	16	16	325
G	17	326	17	17	326
A	18	327	18	18	327
C	19	328	19	19	328
I	20	329	20	20	329
R	21	330	21	21	330
R	22	331	22	22	331
P	23	332	23	23	332
F	24	333	24	24	333
L	25	334	25	25	334
C	26	335	26	26	335
C	27	336	27	27	336
K	28	337	28	28	337
C	29	338	29	29	338
C	30	339	30	30	339
Y	31	340	31	31	340
D	32	341	32	32	341
H	33	342	33	33	342
V	34	343	34	34	343
I	35	344	35	35	344
S	36	345	36	36	345
T	37	346	37	37	346
S	38	347	38	38	347
H	39	348	39	39	348
K	40	349	40	40	349
L	41	350	41	41	350
V	42	351	42	42	351
L	43	352	43	43	352
S	44	353	44	44	353
V	45	354	45	45	354
N	46	355	46	46	355
P	47	356	47	47	356
Y	48	357	48	48	357
V	49	358	49	49	358
C	50	359	50	50	359
N	51	360	51	51	360
A	52	361	52	52	361
P	53	362	53	53	362
G	54	363	54	54	363
C	55	364	55	55	364
D	56	365	56	56	365
V	57	366	57	57	366
T	58	367	58	58	367
D	59	368	59	59	368
V	60	369	60	60	369
T	61	370	61	61	370
Q	62	371	62	62	371
L	63	372	63	63	372
Y	64	373	64	64	373
L	65	374	65	65	374
G	66	375	66	66	375
G	67	376	67	67	376
M	68	377	68	68	377
S	69	378	69	69	378
Y	70	379	70	70	379
Y	71	380	71	71	380
C	72	381	72	72	381
K	73	382	73	73	382
S	74	383	74	74	383
H	75	384	75	75	384
K	76	385	76	76	385
P	77	386	77	77	386
P	78	387	78	78	387
I	79	388	79	79	388
S	80	389	80	80	389
F	81	390	81	81	390
P	82	391	82	82	391
L	83	392	83	83	392
C	84	393	84	84	393
A	85	394	85	85	394
N	86	395	86	86	395
G	87	396	87	87	396
Q	88	397	88	88	397
V	89	398	89	89	398
F	90	399	90	90	399
G	91	400	91	91	400
L	92	401	92	92	401
Y	93	402	93	93	402
K	94	403	94	94	403
N	95	404	95	95	404
T	96	405	96	96	405
C	97	406	97	97	406
V	98	407	98	98	407
G	99	408	99	99	408
S	100	409	100	100	409
D	101	410	101	101	410
N	102	411	102	102	411
V	103	412	103	103	412
T	104	413	104	104	413
D	105	414	105	105	414
F	106	415	106	106	415
N	107	416	107	107	416
A	108	417	108	108	417
I	109	418	109	109	418
A	110	419	110	110	419
T	111	420	111	111	420
C	112	421	112	112	421
D	113	422	113	113	422
W	114	423	114	114	423
T	115	424	115	115	424
N	116	425	116	116	425
A	117	426	117	117	426
G	118	427	118	118	427
D	119	428	119	119	428
Y	120	429	120	120	429
I	121	430	121	121	430
L	122	431	122	122	431
A	123	432	123	123	432
N	124	433	124	124	433
T	125	434	125	125	434
C	126	435	126	126	435
T	127	436	127	127	436
E	128	437	128	128	437
R	129	438	129	129	438
L	130	439	130	130	439
K	131	440	131	131	440
L	132	441	132	132	441
F	133	442	133	133	442
A	134	443	134	134	443
A	135	444	135	135	444
E	136	445	136	136	445
T	137	446	137	137	446
L	138	447	138	138	447
K	139	448	139	139	448
A	140	449	140	140	449
T	141	450	141	141	450
E	142	451	142	142	451
E	143	452	143	143	452
T	144	453	144	144	453
F	145	454	145	145	454
K	146	455	146	146	455
L	147	456	147	147	456
S	148	457	148	148	457
Y	149	458	149	149	458
G	150	459	150	150	459
I	151	460	151	151	460
A	152	461	152	152	461
T	153	462	153	153	462
V	154	463	154	154	463
R	155	464	155	155	464
E	156	465	156	156	465
V	157	466	157	157	466
L	158	467	158	158	467
S	159	468	159	159	468
D	160	469	160	160	469
R	161	470	161	161	470
E	162	471	162	162	471
L	163	472	163	163	472
H	164	473	164	164	473
L	165	474	165	165	474
S	166	475	166	166	475
W	167	476	167	167	476
E	168	477	168	168	477
V	169	478	169	169	478
G	170	479	170	170	479
K	171	480	171	171	480
P	172	481	172	172	481
R	173	482	173	173	482
P	174	483	174	174	483
P	175	484	175	175	484
L	176	485	176	176	485
N	177	486	177	177	486
R	178	487	178	178	487
N	179	488	179	179	488
Y	180	489	180	180	489
V	181	490	181	181	490
F	182	491	182	182	491
T	183	492	183	183	492
G	184	493	184	184	493
Y	185	494	185	185	494
R	186	495	186	186	495
V	187	496	187	187	496
T	188	497	188	188	497
K	189	498	189	189	498
N	190	499	190	190	499
S	191	500	191	191	500
K	192	501	192	192	501
V	193	502	193	193	502
Q	194	503	194	194	503
I	195	504	195	195	504
G	196	505	196	196	505
E	197	506	197	197	506
Y	198	507	198	198	507
T	199	508	199	199	508
F	200	509	200	200	509
E	201	510	201	201	510
K	202	511	202	202	511
G	203	512	203	203	512
D	204	513	204	204	513
Y	205	514	205	205	514
G	206	515	206	206	515
D	207	517	208	207	516
A	208	518	209	208	517
V	209	519	210	209	518
V	210	520	211	210	519
Y	211	521	212	211	520
R	212	522	213	212	521
G	213	523	214	213	522
T	214	524	215	214	523
T	215	525	216	215	524
T	216	526	217	216	525
Y	217	527	218	217	526
K	218	528	219	218	527
L	219	529	220	219	528
N	220	530	221	220	529
V	221	531	222	221	530
G	222	532	223	222	531
D	223	533	224	223	532
Y	224	534	225	224	533
F	225	535	226	225	534
V	226	536	227	226	535
L	227	537	228	227	536
T	228	538	229	228	537
S	229	539	230	229	538
H	230	540	231	230	539
T	231	541	232	231	540
V	232	542	233	232	541
M	233	543	234	233	542
P	234	544	235	234	543
L	235	545	236	235	544
S	236	546	237	236	545
A	237	547	238	237	546
P	238	548	239	238	547
T	239	549	240	239	548
L	240	550	241	240	549
V	241	551	242	241	550
P	242	552	243	242	551
Q	243	553	244	243	552
E	244	554	245	244	553
H	245	555	246	245	554
Y	246	556	247	246	555
V	247	557	248	247	556
R	248	558	249	248	557
I	249	559	250	249	558
T	250	560	251	250	559
G	251	561	252	251	560
L	252	562	253	252	561
Y	253	563	254	253	562
P	254	564	255	254	563
T	255	565	256	255	564
L	256	566	257	256	565
N	257	567	258	257	566
I	258	568	259	258	567
S	259	569	260	259	568
D	260	570	261	260	569
E	261	571	262	261	570
F	262	572	263	262	571
S	263	573	264	263	572
S	264	574	265	264	573
N	265	575	266	265	574
V	266	576	267	266	575
A	267	577	268	267	576
N	268	578	269	268	577
Y	269	579	270	269	578
Q	270	580	271	270	579
K	271	581	272	271	580
V	272	582	273	272	581
G	273	583	274	273	582
M	274	584	275	274	583
Q	275	585	276	275	584
K	276	586	277	276	585
Y	277	587	278	277	586
S	278	588	279	278	587
T	279	589	280	279	588
L	280	590	281	280	589
Q	281	591	282	281	590
G	282	592	283	282	591
P	283	593	284	283	592
P	284	594	285	284	593
G	285	595	286	285	594
T	286	596	287	286	595
G	287	597	288	287	596
K	288	598	289	288	597
S	289	599	290	289	598
H	290	600	291	290	599
F	291	601	292	291	600
A	292	602	293	292	601
I	293	603	294	293	602
G	294	604	295	294	603
L	295	605	296	295	604
A	296	606	297	296	605
L	297	607	298	297	606
Y	298	608	299	298	607
Y	299	609	300	299	608
P	300	610	301	300	609
S	301	611	302	301	610
A	302	612	303	302	611
R	303	613	304	303	612
I	304	614	305	304	613
V	305	615	306	305	614
Y	306	616	307	306	615
T	307	617	308	307	616
A	308	618	309	308	617
C	309	619	310	309	618
S	310	620	311	310	619
H	311	621	312	311	620
A	312	622	313	312	621
A	313	623	314	313	622
V	314	624	315	314	623
D	315	625	316	315	624
A	316	626	317	316	625
L	317	627	318	317	626
C	318	628	319	318	627
E	319	629	320	319	628
K	320	630	321	320	629
A	321	631	322	321	630
L	322	632	323	322	631
K	323	633	324	323	632
Y	324	634	325	324	633
L	325	635	326	325	634
P	326	636	327	326	635
I	327	637	328	327	636
D	328	638	329	328	637
K	329	639	330	329	638
C	330	640	331	330	639
S	331	641	332	331	640
R	332	642	333	332	641
I	333	643	334	333	642
I	334	644	335	334	643
P	335	645	336	335	644
A	336	646	337	336	645
R	337	647	338	337	646
A	338	648	339	338	647
R	339	649	340	339	648
V	340	650	341	340	649
E	341	651	342	341	650
C	342	652	343	342	651
F	343	653	344	343	652
D	344	654	345	344	653
K	345	655	346	345	654
F	346	656	347	346	655
K	347	657	348	347	656
V	348	658	349	348	657
N	349	659	350	349	658
S	350	660	351	350	659
T	351	661	352	351	660
L	352	662	353	352	661
E	353	663	354	353	662
Q	354	664	355	354	663
Y	355	665	356	355	664
V	356	666	357	356	665
F	357	667	358	357	666
C	358	668	359	358	667
T	359	669	360	359	668
V	360	670	361	360	669
N	361	671	362	361	670
A	362	672	363	362	671
L	363	673	364	363	672
P	364	674	365	364	673
E	365	675	366	365	674
T	366	676	367	366	675
T	367	677	368	367	676
A	368	678	369	368	677
D	369	679	370	369	678
I	370	680	371	370	679
V	371	681	372	371	680
V	372	682	373	372	681
F	373	683	374	373	682
D	374	684	375	374	683
E	375	685	376	375	684
I	376	686	377	376	685
S	377	687	378	377	686
M	378	688	379	378	687
A	379	689	380	379	688
T	380	690	381	380	689
N	381	691	382	381	690
Y	382	692	383	382	691
D	383	693	384	383	692
L	384	694	385	384	693
S	385	695	386	385	694
V	386	696	387	386	695
V	387	697	388	387	696
N	388	698	389	388	697
A	389	699	390	389	698
R	390	700	391	390	699
L	391	701	392	391	700
R	392	702	393	392	701
A	393	703	394	393	702
K	394	704	395	394	703
H	395	705	396	395	704
Y	396	706	397	396	705
V	397	707	398	397	0
Y	398	708	399	398	0
I	399	709	400	399	0
G	400	710	401	400	0
D	401	711	402	401	0
P	402	712	403	402	0
A	403	713	404	403	0
Q	404	714	405	404	0
L	405	715	406	405	0
P	406	716	407	406	0
A	407	717	408	407	0
P	408	718	409	408	0
R	409	719	410	409	0
T	410	720	411	410	0
L	411	721	412	411	0
L	412	722	413	412	0
T	413	723	414	413	0
K	414	724	415	414	0
G	415	725	416	415	0
T	416	726	417	416	0
L	417	727	418	417	0
E	418	728	419	418	0
P	419	729	420	419	0
E	420	730	421	420	0
Y	421	731	422	421	0
F	422	732	423	422	0
N	423	733	424	423	0
S	424	734	425	424	0
V	425	735	426	425	0
C	426	736	427	426	0
R	427	737	428	427	0
L	428	738	429	428	0
M	429	739	430	429	0
K	430	740	431	430	0
T	431	741	432	431	0
I	432	742	433	432	0
G	433	743	434	433	0
P	434	744	435	434	0
D	435	745	436	435	0
M	436	746	437	436	0
F	437	747	438	437	0
L	438	748	439	438	0
G	439	749	440	439	0
T	440	750	441	440	0
C	441	751	442	441	0
R	442	752	443	442	0
R	443	753	444	443	0
C	444	754	445	444	0
P	445	755	446	445	0
A	446	756	447	446	0
E	447	757	448	447	0
I	448	758	449	448	0
V	449	759	450	449	0
D	450	760	451	450	0
T	451	761	452	451	0
V	452	762	453	452	0
S	453	763	454	453	0
A	454	764	455	454	0
L	455	765	456	455	0
V	456	766	457	456	0
Y	457	767	458	457	0
D	458	768	459	458	0
N	459	769	460	459	0
K	460	770	461	460	0
L	461	771	462	461	0
K	462	772	463	462	0
A	463	773	464	463	0
H	464	774	465	464	0
K	465	775	466	465	0
D	466	776	467	466	0
K	467	777	468	467	0
S	468	778	469	468	0
A	469	779	470	469	0
Q	470	780	471	470	0
C	471	781	472	471	0
F	472	782	473	472	0
K	473	783	474	473	0
M	474	784	475	474	0
F	475	785	476	475	0
Y	476	786	477	476	0
K	477	787	478	477	0
G	478	788	479	478	0
V	479	789	480	479	0
I	480	790	481	480	0
T	481	791	482	481	0
H	482	792	483	482	0
D	483	793	484	483	0
V	484	794	485	484	0
S	485	795	486	485	0
S	486	796	487	486	0
A	487	797	488	487	0
I	488	798	489	488	0
N	489	799	490	489	0
R	490	800	491	490	0
P	491	801	492	491	0
Q	492	802	493	492	0
I	493	803	494	493	0
G	494	804	495	494	0
V	495	805	496	495	0
V	496	806	497	496	0
R	497	807	498	497	0
E	498	808	499	498	0
F	499	809	500	499	0
L	500	810	501	500	0
T	501	811	502	501	0
R	502	812	503	502	0
N	503	813	504	503	0
P	504	814	505	504	0
A	505	815	506	505	0
W	506	816	507	506	0
R	507	817	508	507	0
K	508	818	509	508	0
A	509	819	510	509	0
V	510	820	511	510	0
F	511	821	512	511	0
I	512	822	513	512	0
S	513	823	514	513	0
P	514	824	515	514	0
Y	515	825	516	515	0
N	516	826	517	516	0
S	517	827	518	517	0
Q	518	828	519	518	0
N	519	829	520	519	0
A	520	830	521	520	0
V	521	831	522	521	0
A	522	832	523	522	0
S	523	833	524	523	0
K	524	834	525	524	0
I	525	835	526	525	0
L	526	836	527	526	0
G	527	837	528	527	0
L	528	838	529	528	0
P	529	839	530	529	0
T	530	840	531	530	0
Q	531	841	532	531	0
T	532	842	533	532	0
V	533	843	534	533	0
D	534	844	535	534	0
S	535	845	536	535	0
S	536	846	537	536	0
Q	537	847	538	537	0
G	538	848	539	538	0
S	539	849	540	539	0
E	540	850	541	540	0
Y	541	851	542	541	0
D	542	852	543	542	0
Y	543	853	544	543	0
V	544	854	545	544	0
I	545	855	546	545	0
F	546	856	547	546	0
T	547	857	548	547	0
Q	548	858	549	548	0
T	549	859	550	549	0
T	550	860	551	550	0
E	551	861	552	551	0
T	552	862	553	552	0
A	553	863	554	553	0
H	554	864	555	554	0
S	555	865	556	555	0
C	556	866	557	556	0
N	557	867	558	557	0
V	558	868	559	558	0
N	559	869	560	559	0
R	560	870	561	560	0
F	561	871	562	561	0
N	562	872	563	562	0
V	563	873	564	563	0
A	564	874	565	564	0
I	565	875	566	565	0
T	566	876	567	566	0
R	567	877	568	567	0
A	568	878	569	568	0
K	569	879	570	569	0
V	570	880	571	570	0
G	571	881	572	571	0
I	572	882	573	572	0
L	573	883	574	573	0
C	574	884	575	574	0
I	575	885	576	575	0
M	576	886	577	576	0
S	577	887	578	577	0
D	578	888	579	578	0
R	579	889	580	579	0
D	580	890	581	580	0
L	581	891	582	581	0
Y	582	892	583	582	0
D	583	893	584	583	0
K	584	894	585	584	0
L	585	895	586	585	0
Q	586	896	587	586	0
F	587	897	588	587	0
T	588	898	589	588	0
S	589	899	590	589	0
L	590	900	591	590	0
E	591	901	592	591	0
I	592	902	593	592	0
P	593	903	0	593	0
R	594	904	0	594	0
R	595	905	0	595	0
N	596	906	0	596	0
V	597	907	0	597	0
A	598	908	594	598	0
T	599	909	595	599	0
L	600	910	596	600	0
Q	601	911	597	601	0
