AA	NC_045512.2_1	Alignment	NC_028806.1_1	NC_038294.1_1	AY714217.1_1	FJ647218.1_1	NC_004718.3_1	NC_038861.1_1	AY463059.1_1	NC_002306.3_1	MN996528.1_1	KF367457.1_1	MG772934.1_1	DQ022305.2_1	MN996527.1_1	FJ647223.1_1
M	1	1	1	1	1	1	1	1	1	1	1	1	1	1	1	1
S	2	2	2	2	2	2	2	2	2	2	2	2	2	2	2	2
D	3	3	3	0	3	3	3	3	3	3	3	3	3	3	3	3
N	4	4	4	0	4	4	4	4	4	4	4	4	4	4	4	4
G	5	5	5	0	5	5	5	5	5	5	5	5	5	5	5	5
P	6	6	0	0	6	6	6	0	6	0	6	6	6	6	6	6
Q	7	7	0	0	7	7	7	0	7	0	7	7	7	7	7	7
N	8	8	0	0	8	8	8	0	8	0	8	8	8	8	8	8
Q	9	21	0	3	10	21	10	0	10	0	9	10	9	9	9	21
R	10	22	0	4	11	22	11	0	11	0	10	11	10	10	10	22
N	11	23	0	5	12	23	12	0	12	0	11	12	11	11	11	23
A	12	24	0	6	13	24	13	0	13	0	12	13	12	12	12	24
P	13	25	0	7	14	25	14	0	14	0	13	14	13	13	13	25
R	14	26	6	8	15	26	15	6	15	6	14	15	14	14	14	26
I	15	28	8	10	16	28	16	8	16	8	15	16	15	15	15	28
T	16	29	9	11	17	29	17	9	17	9	16	17	16	16	16	29
F	17	30	10	12	18	30	18	10	18	10	17	18	17	17	17	30
G	18	31	11	13	19	31	19	11	19	11	18	19	18	18	18	31
G	19	32	12	14	20	32	20	12	20	12	19	20	19	19	19	32
P	20	33	13	15	21	33	21	13	21	13	20	21	20	20	20	33
S	21	34	14	16	22	34	22	14	22	14	21	22	21	21	21	34
D	22	35	0	17	23	35	23	0	23	0	22	23	22	22	22	35
S	23	36	0	18	24	36	24	0	24	0	23	24	23	23	23	36
T	24	37	0	19	25	37	25	0	25	0	24	25	24	24	24	37
G	25	38	0	20	26	38	26	0	26	0	25	26	25	25	25	38
S	26	39	0	21	27	39	27	0	27	0	26	27	26	26	26	39
N	27	40	15	22	28	40	28	15	28	15	27	28	27	27	27	40
Q	28	41	16	23	29	41	29	16	29	16	28	29	28	28	28	41
N	29	42	17	24	30	42	30	17	30	17	29	30	29	29	29	42
G	30	43	18	25	31	43	31	18	31	18	30	31	30	30	30	43
E	31	44	19	26	32	44	32	19	32	19	31	32	31	31	31	44
R	32	45	20	27	33	45	33	20	33	20	32	33	32	32	32	45
S	33	46	0	0	34	0	34	0	34	0	33	34	33	33	33	0
G	34	47	0	28	35	46	35	0	35	0	34	35	34	34	34	46
A	35	48	21	29	36	47	36	21	36	21	35	36	35	35	35	47
R	36	49	22	30	37	48	37	22	37	22	36	37	36	36	36	48
S	37	50	23	31	38	49	38	23	38	23	37	38	37	37	37	49
K	38	51	24	32	39	50	39	24	39	24	38	39	38	38	38	50
Q	39	52	25	0	40	51	40	25	40	25	39	40	39	39	39	51
R	40	53	26	0	41	0	41	26	41	26	40	41	40	40	40	0
R	41	54	27	0	42	52	42	27	42	27	41	42	41	41	41	52
P	42	55	28	33	43	53	43	28	43	28	42	43	42	42	42	53
Q	43	56	29	34	44	54	44	29	44	29	43	44	43	43	43	54
G	44	57	30	35	45	55	45	30	45	30	44	45	44	44	44	55
L	45	58	31	36	46	56	46	31	46	31	45	46	45	45	45	56
P	46	59	32	37	47	57	47	32	47	32	46	47	46	46	46	57
N	47	60	0	38	48	58	48	0	48	0	47	48	47	47	47	58
N	48	61	0	39	49	59	49	0	49	0	48	49	48	48	48	59
T	49	62	0	40	50	60	50	0	50	0	49	50	49	49	49	60
A	50	68	33	41	51	66	51	33	51	33	50	51	50	50	50	66
S	51	69	34	42	52	67	52	34	52	34	51	52	51	51	51	67
W	52	70	35	43	53	68	53	35	53	35	52	53	52	52	52	68
F	53	71	36	44	54	69	54	36	54	36	53	54	53	53	53	69
T	54	72	37	45	55	70	55	37	55	37	54	55	54	54	54	70
A	55	73	38	46	56	71	56	38	56	38	55	56	55	55	55	71
L	56	74	39	47	57	72	57	39	57	39	56	57	56	56	56	72
T	57	75	40	48	58	73	58	40	58	40	57	58	57	57	57	73
Q	58	77	42	49	59	74	59	42	59	42	58	59	58	58	58	74
H	59	78	43	50	60	75	60	43	60	43	59	60	59	59	59	75
G	60	79	44	51	61	76	61	44	61	44	60	61	60	60	60	76
K	61	80	45	52	62	77	62	45	62	45	61	62	61	61	61	77
E	62	82	46	53	63	79	63	46	63	46	62	63	62	62	62	79
D	63	83	47	54	64	80	64	47	64	47	63	64	63	63	63	80
L	64	84	48	55	65	81	65	48	65	48	64	65	64	64	64	81
K	65	85	49	56	66	82	66	49	66	49	65	66	65	65	65	82
F	66	86	50	57	67	83	67	50	67	50	66	67	66	66	66	83
P	67	87	51	58	68	84	68	51	68	51	67	68	67	67	67	84
R	68	88	52	59	69	85	69	52	69	52	68	69	68	68	68	85
G	69	89	53	60	70	86	70	53	70	53	69	70	69	69	69	86
Q	70	90	54	61	71	87	71	54	71	54	70	71	70	70	70	87
G	71	91	55	62	72	88	72	55	72	55	71	72	71	71	71	88
V	72	92	56	63	73	89	73	56	73	56	72	73	72	72	72	89
P	73	93	57	64	74	90	74	57	74	57	73	74	73	73	73	90
I	74	94	58	65	75	91	75	58	75	58	74	75	74	74	74	91
N	75	95	59	66	76	92	76	59	76	59	75	76	75	75	75	92
T	76	96	60	67	77	93	77	60	77	60	76	77	76	76	76	93
N	77	97	61	68	78	94	78	61	78	61	77	78	77	77	77	94
S	78	98	0	69	79	95	79	0	79	0	78	79	78	78	78	95
S	79	99	62	70	80	96	80	62	80	62	79	80	79	79	79	96
P	80	100	63	71	81	97	81	63	81	63	80	81	80	80	80	97
D	81	101	64	72	82	98	82	64	82	64	81	82	81	81	81	98
D	82	102	65	73	83	99	83	65	83	65	82	83	82	82	82	99
Q	83	103	66	74	84	100	84	66	84	66	83	84	83	83	83	100
I	84	104	67	75	85	101	85	67	85	67	84	85	84	84	84	101
G	85	105	68	76	86	102	86	68	86	68	85	86	85	85	85	102
Y	86	106	69	77	87	103	87	69	87	69	86	87	86	86	86	103
Y	87	107	70	78	88	104	88	70	88	70	87	88	87	87	87	104
R	88	108	71	79	89	105	89	71	89	71	88	89	88	88	88	105
R	89	109	72	80	90	106	90	72	90	72	89	90	89	89	89	106
A	90	110	73	81	91	107	91	73	91	73	90	91	90	90	90	107
T	91	111	74	82	92	108	92	74	92	74	91	92	91	91	91	108
R	92	112	75	83	93	109	93	75	93	75	92	93	92	92	92	109
R	93	113	0	84	94	110	94	0	94	0	93	94	93	93	93	110
I	94	115	76	85	95	112	95	76	95	76	94	95	94	94	94	112
R	95	116	77	86	96	113	96	77	96	77	95	96	95	95	95	113
G	96	117	78	87	97	114	97	78	97	78	96	97	96	96	96	114
G	97	118	79	88	98	115	98	79	98	79	97	98	97	97	97	115
D	98	119	80	89	99	116	99	80	99	80	98	99	98	98	98	116
G	99	120	81	90	100	117	100	81	100	81	99	100	99	99	99	117
K	100	121	82	0	101	118	101	82	101	82	100	101	100	100	100	118
M	101	122	83	91	102	119	102	83	102	83	101	102	101	101	101	119
K	102	123	84	92	103	120	103	84	103	84	102	103	102	102	102	120
D	103	124	85	93	104	121	104	85	104	85	103	104	103	103	103	121
L	104	125	86	94	105	122	105	86	105	86	104	105	104	104	104	122
S	105	126	87	95	106	123	106	87	106	87	105	106	105	105	105	123
P	106	127	88	96	107	124	107	88	107	88	106	107	106	106	106	124
R	107	128	89	97	108	125	108	89	108	89	107	108	107	107	107	125
W	108	129	90	98	109	126	109	90	109	90	108	109	108	108	108	126
Y	109	130	91	99	110	127	110	91	110	91	109	110	109	109	109	127
F	110	131	92	100	111	128	111	92	111	92	110	111	110	110	110	128
Y	111	132	93	101	112	129	112	93	112	93	111	112	111	111	111	129
Y	112	133	94	102	113	130	113	94	113	94	112	113	112	112	112	130
L	113	134	95	103	114	131	114	95	114	95	113	114	113	113	113	131
G	114	135	96	104	115	132	115	96	115	96	114	115	114	114	114	132
T	115	136	97	105	116	133	116	97	116	97	115	116	115	115	115	133
G	116	137	98	106	117	134	117	98	117	98	116	117	116	116	116	134
P	117	138	99	107	118	135	118	99	118	99	117	118	117	117	117	135
E	118	139	100	108	119	136	119	100	119	100	118	119	118	118	118	136
A	119	140	101	109	120	137	120	101	120	101	119	120	119	119	119	137
G	120	141	102	110	121	138	121	102	121	102	120	121	120	120	120	138
L	121	142	103	111	122	139	122	103	122	103	121	122	121	121	121	139
P	122	143	104	112	123	140	123	104	123	104	122	123	122	122	122	140
Y	123	144	105	113	124	141	124	105	124	105	123	124	123	123	123	141
G	124	145	106	114	125	142	125	106	125	106	124	125	124	124	124	142
A	125	146	107	115	126	143	126	107	126	107	125	126	125	125	125	143
N	126	147	108	116	127	144	127	108	127	108	126	127	126	126	126	144
K	127	148	109	117	128	145	128	109	128	109	127	128	127	127	127	145
D	128	149	110	118	129	146	129	110	129	110	128	129	128	128	128	146
G	129	150	111	119	130	147	130	111	130	111	129	130	129	129	129	147
I	130	151	112	120	131	148	131	112	131	112	130	131	130	130	130	148
I	131	152	113	121	132	149	132	113	132	113	131	132	131	131	131	149
W	132	153	114	122	133	150	133	114	133	114	132	133	132	132	132	150
V	133	154	115	123	134	151	134	115	134	115	133	134	133	133	133	151
A	134	155	116	124	135	152	135	116	135	116	134	135	134	134	134	152
T	135	156	117	125	136	153	136	117	136	117	135	136	135	135	135	153
E	136	157	118	126	137	154	137	118	137	118	136	137	136	136	136	154
G	137	158	119	127	138	155	138	119	138	119	137	138	137	137	137	155
A	138	159	120	128	139	156	139	120	139	120	138	139	138	138	138	156
L	139	160	121	129	140	157	140	121	140	121	139	140	139	139	139	157
N	140	161	122	130	141	158	141	122	141	122	140	141	140	140	140	158
T	141	162	123	131	142	159	142	123	142	123	141	142	141	141	141	159
P	142	163	124	132	143	160	143	124	143	124	142	143	142	142	142	160
K	143	164	125	133	144	161	144	125	144	125	143	144	143	143	143	161
D	144	165	126	134	145	162	145	126	145	126	144	145	144	144	144	162
H	145	166	0	0	146	163	146	0	146	0	145	146	145	145	145	163
I	146	167	127	135	147	164	147	127	147	127	146	147	146	146	146	164
G	147	168	128	136	148	165	148	128	148	128	147	148	147	147	147	165
T	148	169	129	137	149	166	149	129	149	129	148	149	148	148	148	166
R	149	170	130	138	150	167	150	130	150	130	149	150	149	149	149	167
N	150	171	131	139	151	168	151	131	151	131	150	151	150	150	150	168
P	151	172	132	140	152	169	152	132	152	132	151	152	151	151	151	169
A	152	173	133	141	153	170	153	133	153	133	152	153	152	152	152	170
N	153	174	134	142	154	171	154	134	154	134	153	154	153	153	153	171
N	154	175	135	143	155	172	155	135	155	135	154	155	154	154	154	172
A	155	176	136	144	156	173	156	136	156	136	155	156	155	155	155	173
A	156	177	137	145	157	174	157	137	157	137	156	157	156	156	156	174
I	157	178	0	146	158	175	158	0	158	0	157	158	157	157	157	175
V	158	179	138	147	159	176	159	138	159	138	158	159	158	158	158	176
L	159	180	139	148	160	177	160	139	160	139	159	160	159	159	159	177
Q	160	181	140	149	161	178	161	140	161	140	160	161	160	160	160	178
L	161	182	141	150	162	179	162	141	162	141	161	162	161	161	161	179
P	162	183	0	151	163	180	163	0	163	0	162	163	162	162	162	180
Q	163	184	0	152	164	181	164	0	164	0	163	164	163	163	163	181
G	164	185	142	153	165	182	165	142	165	142	164	165	164	164	164	182
T	165	186	143	154	166	183	166	143	166	143	165	166	165	165	165	183
T	166	187	144	155	167	184	167	144	167	144	166	167	166	166	166	184
L	167	188	145	156	168	185	168	145	168	145	167	168	167	167	167	185
P	168	189	146	157	169	186	169	146	169	146	168	169	168	168	168	186
K	169	190	147	158	170	187	170	147	170	147	169	170	169	169	169	187
G	170	191	148	159	171	188	171	148	171	148	170	171	170	170	170	188
F	171	192	149	160	172	189	172	149	172	149	171	172	171	171	171	189
Y	172	193	150	161	173	190	173	150	173	150	172	173	172	172	172	190
A	173	194	151	162	174	191	174	151	174	151	173	174	173	173	173	191
E	174	195	152	163	175	192	175	152	175	152	174	175	174	174	174	192
G	175	196	153	164	176	193	176	153	176	153	175	176	175	175	175	193
S	176	197	154	165	177	194	177	154	177	154	176	177	176	176	176	194
R	177	198	0	166	178	0	178	0	178	0	177	178	177	177	177	0
G	178	199	0	167	179	195	179	0	179	0	178	179	178	178	178	195
G	179	200	155	168	180	196	180	155	180	155	179	180	179	179	179	196
S	180	201	156	169	181	197	181	156	181	156	180	181	180	180	180	197
Q	181	202	157	170	182	198	182	157	182	157	181	182	181	181	181	198
A	182	203	158	171	183	199	183	158	183	158	182	183	182	182	182	199
S	183	204	159	172	184	200	184	159	184	159	183	184	183	183	183	200
S	184	205	160	173	185	201	185	160	185	160	184	185	184	184	184	201
R	185	206	161	174	186	202	186	161	186	161	185	186	185	185	185	202
S	186	207	162	175	187	203	187	162	187	162	186	187	186	186	186	203
S	187	208	163	176	188	204	188	163	188	163	187	188	187	187	187	204
S	188	209	164	177	189	205	189	164	189	164	188	189	188	188	188	205
R	189	210	165	178	190	206	190	165	190	165	189	190	189	189	189	206
S	190	211	166	179	191	207	191	166	191	166	190	191	190	190	190	207
R	191	212	167	180	192	208	192	167	192	167	191	192	191	191	191	208
N	192	213	168	181	193	209	193	168	193	168	192	193	192	192	192	209
S	193	214	169	182	194	210	194	169	194	169	193	194	193	193	193	210
S	194	215	170	183	195	211	195	170	195	170	194	195	194	194	194	211
R	195	217	171	184	196	213	196	171	196	171	195	196	195	195	195	213
N	196	218	172	185	197	214	197	172	197	172	196	197	196	196	196	214
S	197	219	173	186	198	215	198	173	198	173	197	198	197	197	197	215
T	198	220	174	187	199	216	199	174	199	174	198	199	198	198	198	216
P	199	221	0	188	200	217	200	0	200	0	199	200	199	199	199	217
G	200	222	0	189	201	218	201	0	201	0	200	201	200	200	200	218
S	201	228	175	195	202	219	202	175	202	175	201	202	201	201	201	219
S	202	229	176	196	203	220	203	176	203	176	202	203	202	202	202	220
R	203	230	177	197	204	221	204	177	204	177	203	204	203	203	203	221
G	204	231	178	198	205	222	205	178	205	178	204	205	204	204	204	222
T	205	232	179	199	206	223	206	179	206	179	205	206	205	205	205	223
S	206	233	180	200	207	224	207	180	207	180	206	207	206	206	206	224
P	207	236	181	203	208	225	208	181	208	181	207	208	207	207	207	225
A	208	237	182	204	209	226	209	182	209	182	208	209	208	208	208	226
R	209	238	183	205	210	227	210	183	210	183	209	210	209	209	209	227
M	210	239	184	206	211	228	211	184	211	184	210	211	210	210	210	228
A	211	240	185	207	212	229	212	185	212	0	211	212	211	211	211	229
G	212	241	186	208	213	230	213	186	213	185	212	213	212	212	212	230
N	213	242	187	209	214	231	214	187	214	186	213	214	213	213	213	231
G	214	243	188	210	215	232	215	188	215	187	214	215	214	214	214	232
G	215	244	189	211	216	233	216	189	216	188	215	216	215	215	215	233
D	216	245	190	212	217	234	217	190	217	189	216	217	216	216	216	234
A	217	246	191	0	218	235	218	191	218	190	217	218	217	217	217	235
A	218	247	192	0	219	236	219	192	219	191	218	219	218	218	218	236
L	219	248	193	0	220	237	220	193	220	192	219	220	219	219	219	237
A	220	249	194	0	221	238	221	194	221	193	220	221	220	220	220	238
L	221	250	195	213	222	239	222	195	222	194	221	222	221	221	221	239
L	222	251	196	214	223	240	223	196	223	195	222	223	222	222	222	240
L	223	252	197	215	224	241	224	197	224	196	223	224	223	223	223	241
L	224	253	198	216	225	242	225	198	225	197	224	225	224	224	224	242
D	225	254	199	217	226	243	226	199	226	198	225	226	225	225	225	243
R	226	255	200	218	227	244	227	200	227	199	226	227	226	226	226	244
L	227	256	201	219	228	245	228	201	228	200	227	228	227	227	227	245
N	228	257	202	220	229	246	229	202	229	201	228	229	228	228	228	246
Q	229	258	203	221	230	247	230	203	230	202	229	230	229	229	229	247
L	230	262	207	222	231	0	231	207	231	203	230	231	230	230	230	0
E	231	263	208	223	232	0	232	208	232	204	231	232	231	231	231	0
S	232	264	209	224	233	0	233	209	233	205	232	233	232	232	232	0
K	233	265	210	225	234	0	234	210	234	206	233	234	233	233	233	0
M	234	266	211	226	235	0	235	211	235	207	234	235	234	234	234	0
S	235	267	212	227	236	0	236	212	236	208	235	236	235	235	235	0
G	236	268	213	228	237	0	237	213	237	209	236	237	236	236	236	0
K	237	269	214	229	238	0	238	214	238	210	237	238	237	237	237	0
G	238	270	215	230	239	0	239	215	239	211	238	239	238	238	238	0
Q	239	271	216	231	240	248	240	216	240	212	239	240	239	239	239	248
Q	240	272	217	232	241	249	241	217	241	213	240	241	240	240	240	249
Q	241	273	218	233	242	250	242	218	242	214	241	242	241	241	241	250
Q	242	274	219	234	243	251	243	219	243	215	242	243	242	242	242	251
G	243	275	220	235	244	252	244	220	244	216	243	244	243	243	243	252
Q	244	276	221	236	245	253	245	221	245	217	244	245	244	244	244	253
T	245	277	222	237	246	254	246	222	246	218	245	246	245	245	245	254
V	246	278	223	238	247	255	247	223	247	219	246	247	246	246	246	255
T	247	279	224	239	248	256	248	224	248	220	247	248	247	247	247	256
K	248	280	225	240	249	257	249	225	249	221	248	249	248	248	248	257
K	249	281	226	241	250	258	250	226	250	222	249	250	249	249	249	258
S	250	282	227	242	251	259	251	227	251	223	250	251	250	250	250	259
A	251	283	228	243	252	260	252	228	252	224	251	252	251	251	251	260
A	252	284	229	244	253	261	253	229	253	225	252	253	252	252	252	261
E	253	285	230	245	254	262	254	230	254	226	253	254	253	253	253	262
A	254	286	231	246	255	263	255	231	255	227	254	255	254	254	254	263
S	255	287	232	247	256	264	256	232	256	228	255	256	255	255	255	264
K	256	292	233	248	257	269	257	233	257	229	256	257	256	256	256	269
K	257	293	234	249	258	270	258	234	258	230	257	258	257	257	257	270
P	258	294	235	250	259	271	259	235	259	231	258	259	258	258	258	271
R	259	295	236	251	260	272	260	236	260	232	259	260	259	259	259	272
Q	260	296	237	252	261	273	261	237	261	233	260	261	260	260	260	273
K	261	297	238	253	262	274	262	238	262	234	261	262	261	261	261	274
R	262	298	239	254	263	275	263	239	263	235	262	263	262	262	262	275
T	263	299	240	255	264	276	264	240	264	236	263	264	263	263	263	276
A	264	300	241	256	265	277	265	241	265	237	264	265	264	264	264	277
T	265	301	242	257	266	278	266	242	266	238	265	266	265	265	265	278
K	266	302	243	258	267	279	267	243	267	239	266	267	266	266	266	279
A	267	303	244	259	268	280	268	244	268	240	267	268	267	267	267	280
Y	268	304	0	260	269	281	269	0	269	0	268	269	268	268	268	281
N	269	305	245	261	270	282	270	245	270	241	269	270	269	269	269	282
V	270	306	246	262	271	283	271	246	271	242	270	271	270	270	270	283
T	271	307	247	263	272	284	272	247	272	243	271	272	271	271	271	284
Q	272	308	248	264	273	285	273	248	273	244	272	273	272	272	272	285
A	273	309	249	265	274	286	274	249	274	245	273	274	273	273	273	286
F	274	310	250	266	275	287	275	250	275	246	274	275	274	274	274	287
G	275	311	251	267	276	288	276	251	276	247	275	276	275	275	275	288
R	276	312	252	268	277	289	277	252	277	248	276	277	276	276	276	289
R	277	313	253	269	278	290	278	253	278	249	277	278	277	277	277	290
G	278	314	254	270	279	291	279	254	279	250	278	279	278	278	278	291
P	279	315	255	271	280	292	280	255	280	251	279	280	279	279	279	292
E	280	316	256	272	281	293	281	256	281	252	280	281	280	280	280	293
Q	281	317	257	273	282	294	282	257	282	253	281	282	281	281	281	294
T	282	318	0	274	283	0	283	0	283	0	282	283	282	282	282	0
Q	283	319	0	275	284	0	284	0	284	0	283	284	283	283	283	0
G	284	320	0	276	285	0	285	0	285	0	284	285	284	284	284	0
N	285	321	258	277	286	295	286	258	286	254	285	286	285	285	285	295
F	286	322	259	278	287	296	287	259	287	255	286	287	286	286	286	296
G	287	323	260	279	288	297	288	260	288	256	287	288	287	287	287	297
D	288	324	261	280	289	298	289	261	289	257	288	289	288	288	288	298
Q	289	325	262	281	290	299	290	262	290	258	289	290	289	289	289	299
E	290	326	263	282	291	300	291	263	291	259	290	291	290	290	290	300
L	291	327	264	283	292	301	292	264	292	260	291	292	291	291	291	301
I	292	328	265	284	293	302	293	265	293	261	292	293	292	292	292	302
R	293	329	266	285	294	303	294	266	294	262	293	294	293	293	293	303
Q	294	330	267	286	295	304	295	267	295	263	294	295	294	294	294	304
G	295	331	268	287	296	305	296	268	296	264	295	296	295	295	295	305
T	296	332	269	288	297	306	297	269	297	265	296	297	296	296	296	306
D	297	333	270	289	298	307	298	270	298	266	297	298	297	297	297	307
Y	298	334	271	290	299	308	299	271	299	267	298	299	298	298	298	308
K	299	335	272	291	300	309	300	272	300	268	299	300	299	299	299	309
H	300	336	273	292	301	310	301	273	301	269	300	301	300	300	300	310
W	301	337	274	293	302	311	302	274	302	270	301	302	301	301	301	311
P	302	338	275	294	303	312	303	275	303	271	302	303	302	302	302	312
Q	303	339	276	295	304	313	304	276	304	272	303	304	303	303	303	313
I	304	340	277	296	305	314	305	277	305	273	304	305	304	304	304	314
A	305	341	278	297	306	315	306	278	306	274	305	306	305	305	305	315
Q	306	342	279	298	307	316	307	279	307	275	306	307	306	306	306	316
F	307	343	280	299	308	317	308	280	308	276	307	308	307	307	307	317
A	308	344	281	300	309	318	309	281	309	277	308	309	308	308	308	318
P	309	345	282	301	310	319	310	282	310	278	309	310	309	309	309	319
S	310	346	283	302	311	320	311	283	311	279	310	311	310	310	310	320
A	311	347	284	303	312	321	312	284	312	280	311	312	311	311	311	321
S	312	348	285	304	313	322	313	285	313	281	312	313	312	312	312	322
A	313	349	286	305	314	323	314	286	314	282	313	314	313	313	313	323
F	314	350	287	306	315	324	315	287	315	283	314	315	314	314	314	324
F	315	351	288	307	316	325	316	288	316	284	315	316	315	315	315	325
G	316	352	289	308	317	326	317	289	317	285	316	317	316	316	316	326
M	317	353	290	309	318	327	318	290	318	286	317	318	317	317	317	327
S	318	354	291	310	319	328	319	291	319	287	318	319	318	318	318	328
R	319	355	292	311	320	329	320	292	320	288	319	320	319	319	319	329
I	320	356	293	312	321	330	321	293	321	289	320	321	320	320	320	330
G	321	357	294	313	322	331	322	294	322	290	321	322	321	321	321	331
M	322	358	295	314	323	332	323	295	323	291	322	323	322	322	322	332
E	323	359	296	315	324	333	324	296	324	292	323	324	323	323	323	333
V	324	360	297	316	325	334	325	297	325	293	324	325	324	324	324	334
T	325	361	298	317	326	335	326	298	326	294	325	326	325	325	325	335
P	326	362	299	318	327	336	327	299	327	295	326	327	326	326	326	336
S	327	363	300	319	328	337	328	300	328	296	327	328	327	327	327	337
G	328	364	301	320	329	338	329	301	329	297	328	329	328	328	328	338
T	329	374	302	327	330	348	330	302	330	298	329	330	329	329	329	348
W	330	375	303	328	331	349	331	303	331	299	330	331	330	330	330	349
L	331	376	304	329	332	350	332	304	332	300	331	332	331	331	331	350
T	332	377	305	330	333	351	333	305	333	301	332	333	332	332	332	351
Y	333	378	306	331	334	352	334	306	334	302	333	334	333	333	333	352
T	334	379	307	332	335	353	335	307	335	303	334	335	334	334	334	353
G	335	380	308	333	336	354	336	308	336	304	335	336	335	335	335	354
A	336	381	309	334	337	355	337	309	337	305	336	337	336	336	336	355
I	337	382	310	335	338	356	338	310	338	306	337	338	337	337	337	356
K	338	383	311	336	339	357	339	311	339	307	338	339	338	338	338	357
L	339	384	312	337	340	358	340	312	340	308	339	340	339	339	339	358
D	340	385	313	338	341	359	341	313	341	309	340	341	340	340	340	359
D	341	386	314	339	342	360	342	314	342	310	341	342	341	341	341	360
K	342	387	315	340	343	361	343	315	343	311	342	343	342	342	342	361
D	343	388	316	341	344	362	344	316	344	312	343	344	343	343	343	362
P	344	389	317	342	345	363	345	317	345	313	344	345	344	344	344	363
N	345	390	318	343	346	364	346	318	346	314	345	346	345	345	345	364
F	346	391	319	344	347	365	347	319	347	315	346	347	346	346	346	365
K	347	392	320	345	348	366	348	320	348	316	347	348	347	347	347	366
D	348	393	321	346	349	367	349	321	349	317	348	349	348	348	348	367
Q	349	394	322	347	350	368	350	322	350	318	349	350	349	349	349	368
V	350	395	323	348	351	369	351	323	351	319	350	351	350	350	350	369
I	351	396	0	349	352	370	352	0	352	0	351	352	351	351	351	370
L	352	397	0	350	353	371	353	0	353	0	352	353	352	352	352	371
L	353	398	0	351	354	372	354	0	354	0	353	354	353	353	353	372
N	354	399	0	352	355	373	355	0	355	0	354	355	354	354	354	373
K	355	400	324	353	356	374	356	324	356	320	355	356	355	355	355	374
H	356	401	325	354	357	375	357	325	357	321	356	357	356	356	356	375
I	357	402	326	355	358	376	358	326	358	322	357	358	357	357	357	376
D	358	403	327	356	359	377	359	327	359	323	358	359	358	358	358	377
A	359	404	328	357	360	378	360	328	360	324	359	360	359	359	359	378
Y	360	405	329	358	361	379	361	329	361	325	360	361	360	360	360	379
K	361	406	330	359	362	380	362	330	362	326	361	362	361	361	361	380
T	362	407	331	360	363	0	363	331	363	327	362	363	362	362	362	381
F	363	408	0	361	364	0	364	0	364	0	363	364	363	363	363	0
P	364	409	0	362	365	0	365	0	365	0	364	365	364	364	364	0
P	365	410	332	363	366	0	366	332	366	328	365	366	365	365	365	0
T	366	411	333	364	367	0	367	333	367	329	366	367	366	366	366	0
E	367	412	334	365	368	0	368	334	368	330	367	368	367	367	367	0
P	368	413	335	366	369	0	369	335	369	331	368	369	368	368	368	0
K	369	414	336	367	370	0	370	336	370	332	369	370	369	369	369	0
K	370	415	337	368	371	0	371	337	371	333	370	371	370	370	370	0
D	371	416	338	369	372	0	372	338	372	334	371	372	371	371	371	0
K	372	419	339	372	373	381	373	339	373	335	372	373	372	372	372	382
K	373	420	340	373	374	382	374	340	374	336	373	374	373	373	373	383
K	374	421	0	374	375	383	375	0	375	0	374	375	374	374	374	384
K	375	422	0	375	376	384	376	0	376	0	375	376	375	375	375	385
A	376	423	0	376	377	385	377	0	377	0	376	377	376	376	376	386
D	377	424	0	377	378	386	378	0	378	0	377	378	377	377	377	387
E	378	425	0	378	379	387	379	0	379	0	378	379	378	378	378	388
T	379	426	0	379	380	388	380	0	380	0	379	380	379	379	379	389
Q	380	427	0	380	381	389	381	0	381	0	380	381	380	380	380	390
A	381	428	0	381	382	390	382	0	382	0	381	382	381	381	381	391
L	382	429	0	382	383	391	383	0	383	0	382	383	382	382	382	392
P	383	430	0	383	384	392	384	0	384	0	383	384	383	383	383	393
Q	384	431	341	384	385	393	385	341	385	337	384	385	384	384	384	394
R	385	432	342	385	386	394	386	342	386	338	385	386	385	385	385	395
Q	386	433	343	386	387	395	387	343	387	339	386	387	386	386	386	396
K	387	434	344	387	388	396	388	344	388	340	387	388	387	387	387	397
K	388	435	345	388	389	397	389	345	389	341	388	389	388	388	388	398
Q	389	436	346	389	390	398	390	346	390	342	389	390	389	389	389	399
Q	390	437	347	390	391	399	391	347	391	343	390	391	390	390	390	400
T	391	438	348	391	392	400	392	348	392	344	391	392	391	391	391	401
V	392	439	349	392	393	401	393	349	393	345	392	393	392	392	392	402
T	393	440	350	393	394	402	394	350	394	346	393	394	393	393	393	403
L	394	441	351	394	395	403	395	351	395	347	394	395	394	394	394	404
L	395	442	352	395	396	404	396	352	396	348	395	396	395	395	395	405
P	396	443	353	396	397	405	397	353	397	349	396	397	396	396	396	406
A	397	444	354	397	398	406	398	354	398	350	397	398	397	397	397	407
A	398	445	355	398	399	407	399	355	399	351	398	399	398	398	398	408
D	399	447	357	0	400	408	400	357	400	352	399	400	399	399	399	409
L	400	448	358	0	401	409	401	358	401	353	400	401	400	400	400	410
D	401	449	359	0	402	410	402	359	402	354	401	402	401	401	401	411
D	402	450	360	0	403	411	403	360	403	355	402	403	402	402	402	412
F	403	451	361	0	404	412	404	361	404	356	403	404	403	403	403	413
S	404	452	362	0	405	413	405	362	405	357	404	405	404	404	404	414
K	405	453	363	0	406	414	406	363	406	358	405	406	405	405	405	415
Q	406	454	364	0	407	415	407	364	407	359	406	407	406	406	406	416
L	407	455	365	0	408	416	408	365	408	360	407	408	407	407	407	417
Q	408	456	366	0	409	417	409	366	409	361	408	409	408	408	408	418
Q	409	457	367	399	410	418	410	367	410	362	409	410	409	409	409	419
S	410	458	368	400	411	419	411	368	411	363	410	411	410	410	410	420
M	411	459	369	401	412	420	412	369	412	364	411	412	411	411	411	421
S	412	460	370	402	413	421	413	370	413	365	412	413	412	412	412	422
S	413	461	371	403	414	422	414	371	414	366	413	414	413	413	413	423
A	414	464	374	406	417	425	417	374	417	369	414	417	414	416	414	426
D	415	465	375	407	418	426	418	375	418	370	415	418	415	417	415	427
S	416	466	376	408	419	427	419	376	419	371	416	419	416	418	416	428
T	417	467	377	409	420	428	420	377	420	372	417	420	417	419	417	429
Q	418	468	378	410	421	429	421	378	421	373	418	421	418	420	418	430
A	419	469	379	411	422	430	422	379	422	374	419	422	419	421	419	431
