AA	NC_045512	Alignment	NP_828869	AMM70617	NP_839965	QEY10680	AID16548	AID16626	NP_740629	QDL88266	AIW52770	AID16752
S	1	1	1	0	0	0	0	0	1	0	0	1
A	2	7	2	0	1	1	1	1	7	1	1	2
D	3	8	3	0	2	2	2	2	8	2	2	3
A	4	9	4	0	3	3	3	3	9	3	3	4
Q	5	10	5	0	4	4	4	4	10	4	4	5
S	6	11	6	0	5	5	5	5	11	5	5	6
F	7	12	7	0	6	6	6	6	12	6	6	7
L	8	13	8	0	7	7	7	7	13	7	7	8
N	9	14	9	0	8	8	8	8	14	8	8	9
R	10	15	10	1	9	9	9	9	15	9	9	10
V	11	16	11	2	10	10	10	10	16	10	10	11
C	12	17	12	3	11	11	11	11	17	11	11	12
G	13	18	13	4	12	12	12	12	18	12	12	13
V	14	19	14	5	13	13	13	13	19	13	13	14
S	15	20	15	6	14	14	14	14	20	14	14	15
A	16	22	16	8	15	16	15	16	21	16	15	16
A	17	23	17	9	16	17	16	17	22	17	16	17
R	18	24	18	10	17	18	17	18	23	18	17	18
L	19	25	19	11	18	19	18	19	24	19	18	19
T	20	26	20	12	19	20	19	20	25	20	19	20
P	21	27	21	13	20	21	20	21	26	21	20	21
C	22	28	22	14	21	22	21	22	27	22	21	22
G	23	29	23	15	0	23	0	23	28	23	0	23
T	24	30	24	16	22	24	22	24	29	24	22	24
G	25	31	25	17	23	25	23	25	30	25	23	25
T	26	32	26	18	24	26	24	26	31	26	24	26
S	27	33	27	19	25	27	25	27	32	27	25	27
T	28	34	28	20	26	28	26	28	33	28	26	28
D	29	35	29	21	27	29	27	29	34	29	27	29
V	30	36	30	22	28	30	28	30	35	30	28	30
V	31	37	31	23	29	31	29	31	36	31	29	31
Y	32	38	32	24	30	32	30	32	37	32	30	32
R	33	39	33	25	31	33	31	33	38	33	31	33
A	34	40	34	26	32	34	32	34	39	34	32	34
F	35	41	35	27	33	35	33	35	40	35	33	35
D	36	42	36	28	34	36	34	36	41	36	34	36
I	37	43	37	29	35	37	35	37	42	37	35	37
Y	38	44	38	30	36	38	36	38	43	38	36	38
N	39	45	39	31	37	39	37	39	44	39	37	39
D	40	46	40	32	38	40	38	40	45	40	38	40
K	41	47	41	33	39	41	39	41	46	41	39	41
V	42	48	42	34	40	42	40	42	47	42	40	42
A	43	49	43	35	41	43	41	43	48	43	41	43
G	44	50	44	36	42	44	42	44	49	44	42	44
F	45	51	45	37	43	45	43	45	50	45	43	45
A	46	52	46	38	44	46	44	46	51	46	44	46
K	47	53	47	39	45	47	45	47	52	47	45	47
F	48	54	48	40	46	48	46	48	53	48	46	48
L	49	55	49	41	47	49	47	49	54	49	47	49
K	50	56	50	42	48	50	48	50	55	50	48	50
T	51	57	51	43	49	51	49	51	56	51	49	51
N	52	58	52	44	50	52	50	52	57	52	50	52
C	53	59	53	45	51	53	51	53	58	53	51	53
C	54	60	54	46	52	54	52	54	59	54	52	54
R	55	61	55	47	53	55	53	55	60	55	53	55
F	56	62	56	48	54	56	54	56	61	56	54	56
Q	57	63	57	49	55	57	55	57	62	57	55	57
E	58	64	58	50	56	58	56	58	63	58	56	58
K	59	65	59	51	57	59	57	59	64	59	57	59
D	60	68	60	52	58	60	58	60	67	60	58	60
E	61	69	61	53	59	61	59	61	68	61	59	61
D	62	70	62	54	0	62	0	62	69	62	0	62
D	63	71	63	55	0	63	0	63	70	63	0	63
N	64	72	64	56	0	64	0	64	71	64	0	64
L	65	73	65	57	0	65	0	65	72	65	0	65
I	66	76	66	58	60	66	60	66	75	66	60	66
D	67	77	67	59	61	67	61	67	76	67	61	67
S	68	78	68	60	62	68	62	68	77	68	62	68
Y	69	79	69	61	63	69	63	69	78	69	63	69
F	70	80	70	62	64	70	64	70	79	70	64	70
V	71	81	71	63	65	71	65	71	80	71	65	71
V	72	82	72	64	66	72	66	72	81	72	66	72
K	73	83	73	65	67	73	67	73	82	73	67	73
R	74	84	74	66	68	74	68	74	83	74	68	74
H	75	85	75	67	69	75	69	75	84	75	69	75
T	76	86	76	68	70	76	70	76	85	76	70	76
F	77	87	77	69	71	77	71	77	86	77	71	77
S	78	88	78	70	72	78	72	78	87	78	72	78
N	79	89	79	71	73	79	73	79	88	79	73	79
Y	80	90	80	72	74	80	74	80	89	80	74	80
Q	81	91	81	73	75	81	75	81	90	81	75	81
H	82	92	82	74	76	82	76	82	91	82	76	82
E	83	93	83	75	77	83	77	83	92	83	77	83
E	84	94	84	76	78	84	78	84	93	84	78	84
T	85	95	85	77	79	85	79	85	94	85	79	85
I	86	96	86	78	80	86	80	86	95	86	80	86
Y	87	97	87	79	81	87	81	87	96	87	81	87
N	88	98	88	80	82	88	82	88	97	88	82	88
L	89	99	89	81	83	89	83	89	98	89	83	89
L	90	100	90	82	84	90	84	90	99	90	84	90
K	91	101	91	83	85	91	85	91	100	91	85	91
D	92	102	92	84	86	92	86	92	101	92	86	92
C	93	103	93	85	87	93	87	93	0	93	87	93
P	94	104	94	86	88	94	88	94	102	94	88	94
A	95	105	95	87	89	95	89	95	103	95	89	95
V	96	106	96	88	90	96	90	96	104	96	90	96
A	97	107	97	89	91	97	91	97	105	97	91	97
K	98	108	98	90	92	98	92	98	106	98	92	98
H	99	109	99	91	93	99	93	99	107	99	93	99
D	100	110	100	92	94	100	94	100	108	100	94	100
F	101	111	101	93	95	101	95	101	109	101	95	101
F	102	112	102	94	96	102	96	102	110	102	96	102
K	103	113	103	95	97	103	97	103	111	103	97	103
F	104	114	104	96	98	104	98	104	112	104	98	104
R	105	115	105	97	99	105	99	105	113	105	99	105
I	106	116	106	98	100	106	100	106	114	106	100	106
D	107	117	107	99	101	107	101	107	115	107	101	107
G	108	118	108	100	102	108	102	108	0	108	102	108
D	109	119	109	101	103	109	103	109	0	109	103	109
M	110	120	110	102	104	110	104	110	0	110	104	110
V	111	121	111	103	105	111	105	111	116	111	105	111
P	112	122	112	104	106	112	106	112	117	112	106	112
H	113	123	113	105	107	113	107	113	118	113	107	113
I	114	124	114	106	108	114	108	114	119	114	108	114
S	115	125	115	107	109	115	109	115	120	115	109	115
R	116	126	116	108	110	116	110	116	121	116	110	116
Q	117	127	117	109	111	117	111	117	122	117	111	117
R	118	128	118	110	112	118	112	118	123	118	112	118
L	119	129	119	111	113	119	113	119	124	119	113	119
T	120	130	120	112	114	120	114	120	125	120	114	120
K	121	131	121	113	115	121	115	121	126	121	115	121
Y	122	132	122	114	116	122	116	122	127	122	116	122
T	123	133	123	115	117	123	117	123	128	123	117	123
M	124	134	124	116	118	124	118	124	129	124	118	124
A	125	135	125	117	119	125	119	125	130	125	119	125
D	126	136	126	118	120	126	120	126	131	126	120	126
L	127	137	127	119	121	127	121	127	132	127	121	127
V	128	138	128	120	122	128	122	128	133	128	122	128
Y	129	139	129	121	123	129	123	129	134	129	123	129
A	130	140	130	122	124	130	124	130	135	130	124	130
L	131	141	131	123	125	131	125	131	136	131	125	131
R	132	142	132	124	126	132	126	132	137	132	126	132
H	133	143	133	125	127	133	127	133	138	133	127	133
F	134	144	134	126	128	134	128	134	139	134	128	134
D	135	145	135	127	129	135	129	135	140	135	129	135
E	136	146	136	128	130	136	130	136	141	136	130	136
G	137	147	137	129	131	137	131	137	142	137	131	137
N	138	148	138	130	132	138	132	138	143	138	132	138
C	139	149	139	131	133	139	133	139	144	139	133	139
D	140	150	140	132	134	140	134	140	145	140	134	140
T	141	151	141	133	135	141	135	141	146	141	135	141
L	142	152	142	134	136	142	136	142	147	142	136	142
K	143	153	143	135	137	143	137	143	148	143	137	143
E	144	154	144	136	138	144	138	144	149	144	138	144
I	145	155	145	137	139	145	139	145	150	145	139	145
L	146	156	146	138	140	146	140	146	151	146	140	146
V	147	157	147	139	141	147	141	147	152	147	141	147
T	148	158	148	140	142	148	142	148	153	148	142	148
Y	149	159	149	141	143	149	143	149	154	149	143	149
N	150	160	150	142	144	150	144	150	155	150	144	150
C	151	161	151	143	145	151	145	151	0	151	145	151
C	152	162	152	144	146	152	146	152	156	152	146	152
D	153	163	153	145	147	153	147	153	157	153	147	153
D	154	164	154	146	148	154	148	154	158	154	148	154
D	155	165	155	147	149	155	149	155	159	155	149	155
Y	156	166	156	148	150	156	150	156	160	156	150	156
F	157	167	157	149	151	157	151	157	161	157	151	157
N	158	173	158	150	152	158	152	158	167	158	152	158
K	159	174	159	151	153	159	153	159	168	159	153	159
K	160	175	160	152	154	160	154	160	169	160	154	160
D	161	176	161	153	155	161	155	161	170	161	155	161
W	162	177	162	154	156	162	156	162	171	162	156	162
Y	163	178	163	155	157	163	157	163	172	163	157	163
D	164	179	164	156	158	164	158	164	173	164	158	164
F	165	180	165	157	159	165	159	165	174	165	159	165
V	166	181	166	158	160	166	160	166	175	166	160	166
E	167	182	167	159	161	167	161	167	176	167	161	167
N	168	183	168	160	162	168	162	168	177	168	162	168
P	169	184	169	161	163	169	163	169	178	169	163	169
D	170	185	170	162	164	170	164	170	179	170	164	170
I	171	186	171	163	165	171	165	171	180	171	165	171
L	172	187	172	164	166	172	166	172	181	172	166	172
R	173	188	173	165	167	173	167	173	182	173	167	173
V	174	189	174	166	168	174	168	174	183	174	168	174
Y	175	190	175	167	169	175	169	175	184	175	169	175
A	176	191	176	168	170	176	170	176	185	176	170	176
N	177	192	177	169	171	177	171	177	186	177	171	177
L	178	193	178	170	172	178	172	178	187	178	172	178
G	179	194	179	171	173	179	173	179	188	179	173	179
E	180	195	180	172	174	180	174	180	189	180	174	180
R	181	196	181	173	175	181	175	181	190	181	175	181
V	182	197	182	174	176	182	176	182	191	182	176	182
R	183	198	183	175	177	183	177	183	192	183	177	183
Q	184	199	184	176	178	184	178	184	193	184	178	184
A	185	200	185	177	179	185	179	185	194	185	179	185
L	186	201	186	178	180	186	180	186	195	186	180	186
L	187	202	187	179	181	187	181	187	196	187	181	187
K	188	203	188	180	182	188	182	188	197	188	182	188
T	189	204	189	181	183	189	183	189	198	189	183	189
V	190	205	190	182	184	190	184	190	199	190	184	190
Q	191	206	191	183	185	191	185	191	200	191	185	191
F	192	207	192	184	186	192	186	192	201	192	186	192
C	193	208	193	185	187	193	187	193	202	193	187	193
D	194	209	194	186	188	194	188	194	203	194	188	194
A	195	210	195	187	189	195	189	195	204	195	189	195
M	196	211	196	188	190	196	190	196	205	196	190	196
R	197	212	197	189	191	197	191	197	206	197	191	197
N	198	213	198	190	192	198	192	198	207	198	192	198
A	199	214	199	191	193	199	193	199	208	199	193	199
G	200	215	200	192	194	200	194	200	209	200	194	200
I	201	216	201	193	195	201	195	201	210	201	195	201
V	202	217	202	194	196	202	196	202	211	202	196	202
G	203	218	203	195	197	203	197	203	212	203	197	203
V	204	219	204	196	198	204	198	204	213	204	198	204
L	205	220	205	197	199	205	199	205	214	205	199	205
T	206	221	206	198	200	206	200	206	215	206	200	206
L	207	222	207	199	201	207	201	207	216	207	201	207
D	208	223	208	200	202	208	202	208	217	208	202	208
N	209	224	209	201	203	209	203	209	218	209	203	209
Q	210	225	210	202	204	210	204	210	219	210	204	210
D	211	226	211	203	205	211	205	211	220	211	205	211
L	212	227	212	204	206	212	206	212	221	212	206	212
N	213	228	213	205	207	213	207	213	222	213	207	213
G	214	229	214	206	208	214	208	214	223	214	208	214
N	215	230	215	207	209	215	209	215	224	215	209	215
W	216	231	216	208	210	216	210	216	225	216	210	216
Y	217	232	217	209	211	217	211	217	226	217	211	217
D	218	233	218	210	212	218	212	218	227	218	212	218
F	219	234	219	211	213	219	213	219	228	219	213	219
G	220	235	220	212	214	220	214	220	229	220	214	220
D	221	236	221	213	215	221	215	221	230	221	215	221
F	222	237	222	214	216	222	216	222	231	222	216	222
I	223	238	223	215	217	223	217	223	232	223	217	223
Q	224	239	224	216	218	224	218	224	233	224	218	224
T	225	240	225	217	219	225	219	225	234	225	219	225
T	226	241	226	218	220	226	220	226	235	226	220	226
P	227	242	227	219	221	227	221	227	236	227	221	227
G	228	243	228	220	222	228	222	228	237	228	222	228
S	229	244	229	221	223	229	223	229	238	229	223	229
G	230	245	230	222	224	230	224	230	239	230	224	230
V	231	246	231	223	225	231	225	231	240	231	225	231
P	232	247	232	224	226	232	226	232	241	232	226	232
V	233	248	233	225	227	233	227	233	242	233	227	233
V	234	249	234	226	228	234	228	234	243	234	228	234
D	235	250	235	227	229	235	229	235	244	235	229	235
S	236	251	236	228	230	236	230	236	245	236	230	236
Y	237	252	237	229	231	237	231	237	246	237	231	237
Y	238	253	238	230	232	238	232	238	247	238	232	238
S	239	254	239	231	233	239	233	239	248	239	233	239
L	240	255	240	232	234	240	234	240	249	240	234	240
L	241	256	241	233	235	241	235	241	250	241	235	241
M	242	257	242	234	236	242	236	242	251	242	236	242
P	243	258	243	235	237	243	237	243	252	243	237	243
I	244	259	244	236	238	244	238	244	253	244	238	244
L	245	260	245	237	239	245	239	245	254	245	239	245
T	246	261	246	238	240	246	240	246	255	246	240	246
L	247	262	247	239	241	247	241	247	256	247	241	247
T	248	263	248	240	242	248	242	248	257	248	242	248
R	249	264	249	241	243	249	243	249	258	249	243	249
A	250	265	250	242	244	250	244	250	259	250	244	250
L	251	266	251	243	245	251	245	251	260	251	245	251
T	252	267	252	244	246	252	246	252	261	252	246	252
A	253	268	253	245	247	253	247	253	262	253	247	253
E	254	269	254	246	248	254	248	254	263	254	248	254
S	255	270	255	247	249	255	249	255	264	255	249	255
H	256	271	256	248	250	256	250	256	265	256	250	256
V	257	272	257	249	251	257	251	257	266	257	251	257
D	258	273	258	250	252	258	252	258	267	258	252	258
T	259	274	259	251	253	0	253	0	268	0	253	259
D	260	275	260	252	254	0	254	0	269	0	254	260
L	261	276	261	253	255	0	255	0	270	0	255	261
T	262	278	262	254	257	0	257	0	271	0	257	262
K	263	279	263	255	258	259	258	259	272	259	258	263
P	264	280	264	256	259	260	259	260	273	260	259	264
Y	265	281	265	257	260	261	260	261	274	261	260	265
I	266	282	266	258	261	262	261	262	275	262	261	266
K	267	283	267	259	262	263	262	263	276	263	262	267
W	268	284	268	260	263	264	263	264	277	264	263	268
D	269	285	269	261	264	265	264	265	278	265	264	269
L	270	286	270	262	265	266	265	266	279	266	265	270
L	271	287	271	263	266	267	266	267	280	267	266	271
K	272	288	272	264	267	268	267	268	281	268	267	272
Y	273	289	273	265	268	269	268	269	282	269	268	273
D	274	290	274	266	269	270	269	270	283	270	269	274
F	275	291	275	267	270	271	270	271	284	271	270	275
T	276	292	276	268	271	272	271	272	285	272	271	276
E	277	293	277	269	272	273	272	273	286	273	272	277
E	278	294	278	270	273	274	273	274	287	274	273	278
R	279	295	279	271	274	275	274	275	288	275	274	279
L	280	296	280	272	275	276	275	276	289	276	275	280
K	281	297	281	273	276	277	276	277	290	277	276	281
L	282	298	282	274	277	278	277	278	291	278	277	282
F	283	299	283	275	278	279	278	279	292	279	278	283
D	284	300	284	276	279	280	279	280	293	280	279	284
R	285	301	285	277	280	281	280	281	294	281	280	285
Y	286	302	286	278	281	282	281	282	295	282	281	286
F	287	303	287	279	282	283	282	283	296	283	282	287
K	288	304	288	280	283	284	283	284	297	284	283	288
Y	289	305	289	281	284	285	284	285	298	285	284	289
W	290	306	290	282	285	286	285	286	299	286	285	290
D	291	307	291	283	286	287	286	287	300	287	286	291
Q	292	308	292	284	287	288	287	288	301	288	287	292
T	293	309	293	285	288	289	288	289	302	289	288	293
Y	294	310	294	286	289	290	289	290	303	290	289	294
H	295	311	295	287	290	291	290	291	304	291	290	295
P	296	312	296	288	291	292	291	292	305	292	291	296
N	297	313	297	289	292	293	292	293	306	293	292	297
C	298	314	298	290	293	294	293	294	307	294	293	298
V	299	315	299	291	294	295	294	295	308	295	294	299
N	300	316	300	292	295	296	295	296	309	296	295	300
C	301	317	301	293	296	297	296	297	310	297	296	301
L	302	318	302	294	297	298	297	298	311	298	297	302
D	303	319	303	295	298	299	298	299	312	299	298	303
D	304	320	304	296	299	300	299	300	313	300	299	304
R	305	321	305	297	300	301	300	301	314	301	300	305
C	306	322	306	298	301	302	301	302	315	302	301	306
I	307	323	307	299	302	303	302	303	316	303	302	307
L	308	324	308	300	303	304	303	304	317	304	303	308
H	309	325	309	301	304	305	304	305	318	305	304	309
C	310	326	310	302	305	306	305	306	319	306	305	310
A	311	327	311	303	306	307	306	307	320	307	306	311
N	312	328	312	304	307	308	307	308	321	308	307	312
F	313	329	313	305	308	309	308	309	322	309	308	313
N	314	330	314	306	309	310	309	310	323	310	309	314
V	315	331	315	307	310	311	310	311	324	311	310	315
L	316	332	316	308	311	312	311	312	325	312	311	316
F	317	333	317	309	312	313	312	313	326	313	312	317
S	318	334	318	310	313	314	313	314	327	314	313	318
T	319	335	319	311	314	315	314	315	328	315	314	319
V	320	336	320	312	315	316	315	316	329	316	315	320
F	321	337	321	313	316	317	316	317	330	317	316	321
P	322	338	322	314	317	318	317	318	331	318	317	322
P	323	339	323	315	318	319	318	319	332	319	318	323
T	324	340	324	316	319	320	319	320	333	320	319	324
S	325	341	325	317	320	321	320	321	334	321	320	325
F	326	342	326	318	321	322	321	322	335	322	321	326
G	327	343	327	319	322	323	322	323	336	323	322	327
P	328	344	328	320	323	324	323	324	337	324	323	328
L	329	345	329	321	324	325	324	325	338	325	324	329
V	330	346	330	322	325	326	325	326	339	326	325	330
R	331	347	331	323	326	327	326	327	340	327	326	331
K	332	348	332	324	327	328	327	328	341	328	327	332
I	333	349	333	325	328	329	328	329	342	329	328	333
F	334	350	334	326	329	330	329	330	343	330	329	334
V	335	351	335	327	330	331	330	331	344	331	330	335
D	336	352	336	328	331	332	331	332	345	332	331	336
G	337	353	337	329	332	333	332	333	346	333	332	337
V	338	354	338	330	333	334	333	334	347	334	333	338
P	339	355	339	331	334	335	334	335	348	335	334	339
F	340	356	340	332	335	336	335	336	349	336	335	340
V	341	357	341	333	336	337	336	337	350	337	336	341
V	342	358	342	334	337	338	337	338	351	338	337	342
S	343	359	343	335	338	339	338	339	352	339	338	343
T	344	360	344	336	339	340	339	340	353	340	339	344
G	345	361	345	337	340	341	340	341	354	341	340	345
Y	346	362	346	338	341	342	341	342	355	342	341	346
H	347	363	347	339	342	343	342	343	356	343	342	347
F	348	364	348	340	343	344	343	344	357	344	343	348
R	349	365	349	341	344	345	344	345	358	345	344	349
E	350	366	350	342	345	346	345	346	359	346	345	350
L	351	367	351	343	346	347	346	347	360	347	346	351
G	352	368	352	344	347	348	347	348	361	348	347	352
V	353	369	353	345	348	349	348	349	362	349	348	353
V	354	370	354	346	349	350	349	350	363	350	349	354
H	355	371	355	347	350	351	350	351	364	351	350	355
N	356	372	356	348	351	352	351	352	365	352	351	356
Q	357	373	357	349	352	353	352	353	366	353	352	357
D	358	374	358	350	353	354	353	354	367	354	353	358
V	359	375	359	351	354	355	354	355	368	355	354	359
N	360	376	360	352	355	356	355	356	369	356	355	360
L	361	377	361	353	356	357	356	357	370	357	356	361
H	362	378	362	354	357	358	357	358	371	358	357	362
S	363	379	363	355	358	359	358	359	372	359	358	363
S	364	380	364	356	359	360	359	360	373	360	359	364
R	365	381	365	357	360	361	360	361	374	361	360	365
L	366	382	366	358	361	362	361	362	375	362	361	366
S	367	383	367	359	362	363	362	363	376	363	362	367
F	368	384	368	360	363	364	363	364	377	364	363	368
K	369	385	369	361	364	365	364	365	378	365	364	369
E	370	386	370	362	365	366	365	366	379	366	365	370
L	371	387	371	363	366	367	366	367	380	367	366	371
L	372	388	372	364	367	368	367	368	381	368	367	372
V	373	389	373	365	368	369	368	369	382	369	368	373
Y	374	390	374	366	369	370	369	370	383	370	369	374
A	375	391	375	367	370	371	370	371	384	371	370	375
A	376	392	376	368	371	372	371	372	385	372	371	376
D	377	393	377	369	372	373	372	373	386	373	372	377
P	378	394	378	370	373	374	373	374	387	374	373	378
A	379	395	379	371	374	375	374	375	388	375	374	379
M	380	396	380	372	375	376	375	376	389	376	375	380
H	381	397	381	373	376	377	376	377	390	377	376	381
A	382	398	382	374	377	378	377	378	391	378	377	382
A	383	399	383	375	378	379	378	379	392	379	378	383
S	384	400	384	376	379	380	379	380	393	380	379	384
G	385	401	385	377	380	381	380	381	394	381	380	385
N	386	402	386	378	381	382	381	382	395	382	381	386
L	387	403	387	379	382	383	382	383	396	383	382	387
L	388	404	388	380	383	384	383	384	397	384	383	388
L	389	405	389	381	384	385	384	385	398	385	384	389
D	390	406	390	382	385	386	385	386	399	386	385	390
K	391	407	391	383	386	387	386	387	400	387	386	391
R	392	408	392	384	387	388	387	388	401	388	387	392
T	393	409	393	385	388	389	388	389	402	389	388	393
T	394	410	394	386	389	390	389	390	403	390	389	394
C	395	411	395	387	390	391	390	391	404	391	390	395
F	396	412	396	388	391	392	391	392	405	392	391	396
S	397	413	397	389	392	393	392	393	406	393	392	397
V	398	414	398	390	393	394	393	394	407	394	393	398
A	399	415	399	391	394	395	394	395	408	395	394	399
A	400	416	400	392	395	396	395	396	409	396	395	400
L	401	417	401	393	396	397	396	397	410	397	396	401
T	402	418	402	394	397	398	397	398	411	398	397	402
N	403	419	403	395	398	399	398	399	412	399	398	403
N	404	420	404	396	399	400	399	400	413	400	399	404
V	405	421	405	397	400	401	400	401	414	401	400	405
A	406	422	406	398	401	402	401	402	415	402	401	406
F	407	423	407	399	402	403	402	403	416	403	402	407
Q	408	424	408	400	403	404	403	404	417	404	403	408
T	409	425	409	401	404	405	404	405	418	405	404	409
V	410	426	410	402	405	406	405	406	419	406	405	410
K	411	427	411	403	406	407	406	407	420	407	406	411
P	412	428	412	404	407	408	407	408	421	408	407	412
G	413	429	413	405	408	409	408	409	422	409	408	413
N	414	430	414	406	409	410	409	410	423	410	409	414
F	415	431	415	407	410	411	410	411	424	411	410	415
N	416	432	416	408	411	412	411	412	425	412	411	416
K	417	433	417	409	412	413	412	413	426	413	412	417
D	418	434	418	410	413	414	413	414	427	414	413	418
F	419	435	419	411	414	415	414	415	428	415	414	419
Y	420	436	420	412	415	416	415	416	429	416	415	420
D	421	437	421	413	416	417	416	417	430	417	416	421
F	422	438	422	414	417	418	417	418	431	418	417	422
A	423	439	423	415	418	419	418	419	432	419	418	423
V	424	440	424	416	419	420	419	420	433	420	419	424
S	425	441	425	417	420	421	420	421	434	421	420	425
K	426	442	426	418	421	422	421	422	435	422	421	426
G	427	443	427	419	422	423	422	423	436	423	422	427
F	428	444	428	420	423	424	423	424	437	424	423	428
F	429	445	429	421	424	425	424	425	438	425	424	429
K	430	446	430	422	425	426	425	426	439	426	425	430
E	431	447	431	423	426	427	426	427	440	427	426	431
G	432	448	432	424	427	428	427	428	441	428	427	432
S	433	449	433	425	428	429	428	429	442	429	428	433
S	434	450	434	426	429	430	429	430	443	430	429	434
V	435	451	435	427	430	431	430	431	444	431	430	435
E	436	452	436	428	431	432	431	432	445	432	431	436
L	437	453	437	429	432	433	432	433	446	433	432	437
K	438	454	438	430	433	434	433	434	447	434	433	438
H	439	455	439	431	434	435	434	435	448	435	434	439
F	440	456	440	432	435	436	435	436	449	436	435	440
F	441	457	441	433	436	437	436	437	450	437	436	441
F	442	458	442	434	437	438	437	438	451	438	437	442
A	443	459	443	435	438	439	438	439	452	439	438	443
Q	444	460	444	436	439	440	439	440	453	440	439	444
D	445	461	445	437	440	441	440	441	454	441	440	445
G	446	462	446	438	441	442	441	442	455	442	441	446
N	447	463	447	439	442	443	442	443	456	443	442	447
A	448	464	448	440	443	444	443	444	457	444	443	448
A	449	465	449	441	444	445	444	445	458	445	444	449
I	450	466	450	442	445	446	445	446	459	446	445	450
S	451	467	451	443	446	447	446	447	460	447	446	451
D	452	468	452	444	447	448	447	448	461	448	447	452
Y	453	469	453	445	448	449	448	449	462	449	448	453
D	454	470	454	446	449	450	449	450	463	450	449	454
Y	455	471	455	447	450	451	450	451	464	451	450	455
Y	456	472	456	448	451	452	451	452	465	452	451	456
R	457	473	457	449	452	453	452	453	466	453	452	457
Y	458	474	458	450	453	454	453	454	467	454	453	458
N	459	475	459	451	454	455	454	455	468	455	454	459
L	460	476	460	452	455	456	455	456	469	456	455	460
P	461	477	461	453	456	457	456	457	470	457	456	461
T	462	478	462	454	457	458	457	458	471	458	457	462
M	463	479	463	455	458	459	458	459	472	459	458	463
C	464	480	464	456	459	460	459	460	473	460	459	464
D	465	481	465	457	460	461	460	461	474	461	460	465
I	466	482	466	458	461	462	461	462	475	462	461	466
R	467	483	467	459	462	463	462	463	476	463	462	467
Q	468	484	468	460	463	464	463	464	477	464	463	468
L	469	485	469	461	464	465	464	465	478	465	464	469
L	470	486	470	462	465	466	465	466	479	466	465	470
F	471	487	471	463	466	467	466	467	480	467	466	471
V	472	488	472	464	467	468	467	468	481	468	467	472
V	473	489	473	465	468	469	468	469	482	469	468	473
E	474	490	474	466	469	470	469	470	483	470	469	474
V	475	491	475	467	470	471	470	471	484	471	470	475
V	476	492	476	468	471	472	471	472	485	472	471	476
D	477	493	477	469	472	473	472	473	486	473	472	477
K	478	494	478	470	473	474	473	474	487	474	473	478
Y	479	495	479	471	474	475	474	475	488	475	474	479
F	480	496	480	472	475	476	475	476	489	476	475	480
D	481	497	481	473	476	477	476	477	490	477	476	481
C	482	498	482	474	477	478	477	478	491	478	477	482
Y	483	499	483	475	478	479	478	479	492	479	478	483
D	484	500	484	476	479	480	479	480	493	480	479	484
G	485	501	485	477	480	481	480	481	494	481	480	485
G	486	502	486	478	481	482	481	482	495	482	481	486
C	487	503	487	479	482	483	482	483	496	483	482	487
I	488	504	488	480	483	484	483	484	497	484	483	488
N	489	505	489	481	484	485	484	485	498	485	484	489
A	490	506	490	482	485	486	485	486	499	486	485	490
N	491	507	491	483	486	487	486	487	500	487	486	491
Q	492	508	492	484	487	488	487	488	501	488	487	492
V	493	509	493	485	488	489	488	489	502	489	488	493
I	494	510	494	486	489	490	489	490	503	490	489	494
V	495	511	495	487	490	491	490	491	504	491	490	495
N	496	512	496	488	491	492	491	492	505	492	491	496
N	497	513	497	489	492	493	492	493	506	493	492	497
L	498	514	498	490	493	494	493	494	507	494	493	498
D	499	515	499	491	494	495	494	495	508	495	494	499
K	500	516	500	492	495	496	495	496	509	496	495	500
S	501	517	501	493	496	497	496	497	510	497	496	501
A	502	518	502	494	497	498	497	498	511	498	497	502
G	503	519	503	495	498	499	498	499	512	499	498	503
F	504	520	504	496	499	500	499	500	513	500	499	504
P	505	521	505	497	500	501	500	501	514	501	500	505
F	506	522	506	498	501	502	501	502	515	502	501	506
N	507	523	507	499	502	503	502	503	516	503	502	507
K	508	524	508	500	503	504	503	504	517	504	503	508
W	509	525	509	501	504	505	504	505	518	505	504	509
G	510	526	510	502	505	506	505	506	519	506	505	510
K	511	527	511	503	506	507	506	507	520	507	506	511
A	512	528	512	504	507	508	507	508	521	508	507	512
R	513	529	513	505	508	509	508	509	522	509	508	513
L	514	530	514	506	509	510	509	510	523	510	509	514
Y	515	531	515	507	510	511	510	511	524	511	510	515
Y	516	532	516	508	511	512	511	512	525	512	511	516
D	517	533	517	509	512	513	512	513	526	513	512	517
S	518	534	518	510	513	514	513	514	0	514	513	518
M	519	535	519	511	514	515	514	515	527	515	514	519
S	520	536	520	512	515	516	515	516	528	516	515	520
Y	521	537	521	513	516	517	516	517	529	517	516	521
E	522	538	522	514	517	518	517	518	530	518	517	522
D	523	539	523	515	518	519	518	519	531	519	518	523
Q	524	540	524	516	519	520	519	520	532	520	519	524
D	525	541	525	517	520	521	520	521	533	521	520	525
A	526	542	526	518	521	522	521	522	534	522	521	526
L	527	543	527	519	522	523	522	523	535	523	522	527
F	528	544	528	520	523	524	523	524	536	524	523	528
A	529	545	529	521	524	525	524	525	537	525	524	529
Y	530	546	530	522	525	526	525	526	538	526	525	530
T	531	547	531	523	526	527	526	527	539	527	526	531
K	532	548	532	524	527	528	527	528	540	528	527	532
R	533	549	533	525	528	529	528	529	541	529	528	533
N	534	550	534	526	529	530	529	530	542	530	529	534
V	535	551	535	527	530	531	530	531	543	531	530	535
I	536	552	536	528	531	532	531	532	544	532	531	536
P	537	553	537	529	532	533	532	533	545	533	532	537
T	538	554	538	530	533	534	533	534	546	534	533	538
I	539	555	539	531	534	535	534	535	547	535	534	539
T	540	556	540	532	535	536	535	536	548	536	535	540
Q	541	557	541	533	536	537	536	537	549	537	536	541
M	542	558	542	534	537	538	537	538	550	538	537	542
N	543	559	543	535	538	539	538	539	551	539	538	543
L	544	560	544	536	539	540	539	540	552	540	539	544
K	545	561	545	537	540	541	540	541	553	541	540	545
Y	546	562	546	538	541	542	541	542	554	542	541	546
A	547	563	547	539	542	543	542	543	555	543	542	547
I	548	564	548	540	543	544	543	544	556	544	543	548
S	549	565	549	541	544	545	544	545	557	545	544	549
A	550	566	550	542	545	546	545	546	558	546	545	550
K	551	567	551	543	546	547	546	547	559	547	546	551
N	552	568	552	544	547	548	547	548	560	548	547	552
R	553	569	553	545	548	549	548	549	561	549	548	553
A	554	570	554	546	549	550	549	550	562	550	549	554
R	555	571	555	547	550	551	550	551	563	551	550	555
T	556	572	556	548	551	552	551	552	564	552	551	556
V	557	573	557	549	552	553	552	553	565	553	552	557
A	558	574	558	550	553	554	553	554	566	554	553	558
G	559	575	559	551	554	555	554	555	567	555	554	559
V	560	576	560	552	555	556	555	556	568	556	555	560
S	561	577	561	553	556	557	556	557	569	557	556	561
I	562	578	562	554	557	558	557	558	570	558	557	562
C	563	579	563	555	558	559	558	559	571	559	558	563
S	564	580	564	556	559	560	559	560	572	560	559	564
T	565	581	565	557	560	561	560	561	573	561	560	565
M	566	582	566	558	561	562	561	562	574	562	561	566
T	567	583	567	559	562	563	562	563	575	563	562	567
N	568	584	568	560	563	564	563	564	576	564	563	568
R	569	585	569	561	564	565	564	565	577	565	564	569
Q	570	586	570	562	565	566	565	566	578	566	565	570
F	571	587	571	563	566	567	566	567	579	567	566	571
H	572	588	572	564	567	568	567	568	580	568	567	572
Q	573	589	573	565	568	569	568	569	581	569	568	573
K	574	590	574	566	569	570	569	570	582	570	569	574
L	575	591	575	567	570	571	570	571	583	571	570	575
L	576	592	576	568	571	572	571	572	584	572	571	576
K	577	593	577	569	572	573	572	573	585	573	572	577
S	578	594	578	570	573	574	573	574	586	574	573	578
I	579	595	579	571	574	575	574	575	587	575	574	579
A	580	596	580	572	575	576	575	576	588	576	575	580
A	581	597	581	573	576	577	576	577	589	577	576	581
T	582	598	582	574	577	578	577	578	590	578	577	582
R	583	599	583	575	578	579	578	579	591	579	578	583
G	584	600	584	576	579	580	579	580	592	580	579	584
A	585	601	585	577	580	581	580	581	593	581	580	585
T	586	602	586	578	581	582	581	582	594	582	581	586
V	587	603	587	579	582	583	582	583	595	583	582	587
V	588	604	588	580	583	584	583	584	596	584	583	588
I	589	605	589	581	584	585	584	585	597	585	584	589
G	590	606	590	582	585	586	585	586	598	586	585	590
T	591	607	591	583	586	587	586	587	599	587	586	591
S	592	608	592	584	587	588	587	588	600	588	587	592
K	593	609	593	585	588	589	588	589	601	589	588	593
F	594	610	594	586	589	590	589	590	602	590	589	594
Y	595	611	595	587	590	591	590	591	603	591	590	595
G	596	612	596	588	591	592	591	592	604	592	591	596
G	597	613	597	589	592	593	592	593	605	593	592	597
W	598	614	598	590	593	594	593	594	606	594	593	598
H	599	615	599	591	594	595	594	595	607	595	594	599
N	600	616	600	592	595	596	595	596	608	596	595	600
M	601	617	601	593	596	597	596	597	609	597	596	601
L	602	618	602	594	597	598	597	598	610	598	597	602
K	603	619	603	595	598	599	598	599	611	599	598	603
T	604	620	604	596	599	600	599	600	612	600	599	604
V	605	621	605	597	600	601	600	601	613	601	600	605
Y	606	622	606	598	601	602	601	602	614	602	601	606
S	607	623	607	599	602	603	602	603	615	603	602	607
D	608	624	608	600	603	604	603	604	616	604	603	608
V	609	625	609	601	604	605	604	605	617	605	604	609
E	610	626	610	602	605	606	605	606	618	606	605	610
N	611	627	611	603	606	607	606	607	619	607	606	611
P	612	628	612	604	607	608	607	608	620	608	607	612
H	613	629	613	605	608	609	608	609	621	609	608	613
L	614	630	614	606	609	610	609	610	622	610	609	614
M	615	631	615	607	610	611	610	611	623	611	610	615
G	616	632	616	608	611	612	611	612	624	612	611	616
W	617	633	617	609	612	613	612	613	625	613	612	617
D	618	634	618	610	613	614	613	614	626	614	613	618
Y	619	635	619	611	614	615	614	615	627	615	614	619
P	620	636	620	612	615	616	615	616	628	616	615	620
K	621	637	621	613	616	617	616	617	629	617	616	621
C	622	638	622	614	617	618	617	618	630	618	617	622
D	623	639	623	615	618	619	618	619	631	619	618	623
R	624	640	624	616	619	620	619	620	632	620	619	624
A	625	641	625	617	620	621	620	621	633	621	620	625
M	626	642	626	618	621	622	621	622	634	622	621	626
P	627	643	627	619	622	623	622	623	635	623	622	627
N	628	644	628	620	623	624	623	624	636	624	623	628
M	629	645	629	621	624	625	624	625	637	625	624	629
L	630	646	630	622	625	626	625	626	638	626	625	630
R	631	647	631	623	626	627	626	627	639	627	626	631
I	632	648	632	624	627	628	627	628	640	628	627	632
M	633	649	633	625	628	629	628	629	641	629	628	633
A	634	650	634	626	629	630	629	630	642	630	629	634
S	635	651	635	627	630	631	630	631	643	631	630	635
L	636	652	636	628	631	632	631	632	644	632	631	636
V	637	653	637	629	632	633	632	633	645	633	632	637
L	638	654	638	630	633	634	633	634	646	634	633	638
A	639	655	639	631	634	635	634	635	647	635	634	639
R	640	656	640	632	635	636	635	636	648	636	635	640
K	641	657	641	633	636	637	636	637	649	637	636	641
H	642	658	642	634	637	638	637	638	650	638	637	642
T	643	659	643	635	638	639	638	639	651	639	638	643
T	644	660	644	636	639	640	639	640	652	640	639	644
C	645	661	645	637	640	641	640	641	653	641	640	645
C	646	662	646	638	641	642	641	642	654	642	641	646
S	647	663	647	639	642	643	642	643	655	643	642	647
L	648	664	648	640	643	644	643	644	656	644	643	648
S	649	665	649	641	644	645	644	645	657	645	644	649
H	650	666	650	642	645	646	645	646	658	646	645	650
R	651	667	651	643	646	647	646	647	659	647	646	651
F	652	668	652	644	647	648	647	648	660	648	647	652
Y	653	669	653	645	648	649	648	649	661	649	648	653
R	654	670	654	646	649	650	649	650	662	650	649	654
L	655	671	655	647	650	651	650	651	663	651	650	655
A	656	672	656	648	651	652	651	652	664	652	651	656
N	657	673	657	649	652	653	652	653	665	653	652	657
E	658	674	658	650	653	654	653	654	666	654	653	658
C	659	675	659	651	654	655	654	655	667	655	654	659
A	660	676	660	652	655	656	655	656	668	656	655	660
Q	661	677	661	653	656	657	656	657	669	657	656	661
V	662	678	662	654	657	658	657	658	670	658	657	662
L	663	679	663	655	658	659	658	659	671	659	658	663
S	664	680	664	656	659	660	659	660	672	660	659	664
E	665	681	665	657	660	661	660	661	673	661	660	665
M	666	682	666	658	661	662	661	662	674	662	661	666
V	667	683	667	659	662	663	662	663	675	663	662	667
M	668	684	668	660	663	664	663	664	676	664	663	668
C	669	685	669	661	664	665	664	665	677	665	664	669
G	670	686	670	662	665	666	665	666	678	666	665	670
G	671	687	671	663	666	667	666	667	679	667	666	671
S	672	688	672	664	667	668	667	668	680	668	667	672
L	673	689	673	665	668	669	668	669	681	669	668	673
Y	674	690	674	666	669	670	669	670	682	670	669	674
V	675	691	675	667	670	671	670	671	683	671	670	675
K	676	692	676	668	671	672	671	672	684	672	671	676
P	677	693	677	669	672	673	672	673	685	673	672	677
G	678	694	678	670	673	674	673	674	686	674	673	678
G	679	695	679	671	674	675	674	675	687	675	674	679
T	680	696	680	672	675	676	675	676	688	676	675	680
S	681	697	681	673	676	677	676	677	689	677	676	681
S	682	698	682	674	677	678	677	678	690	678	677	682
G	683	699	683	675	678	679	678	679	691	679	678	683
D	684	700	684	676	679	680	679	680	692	680	679	684
A	685	701	685	677	680	681	680	681	693	681	680	685
T	686	702	686	678	681	682	681	682	694	682	681	686
T	687	703	687	679	682	683	682	683	695	683	682	687
A	688	704	688	680	683	684	683	684	696	684	683	688
Y	689	705	689	681	684	685	684	685	697	685	684	689
A	690	706	690	682	685	686	685	686	698	686	685	690
N	691	707	691	683	686	687	686	687	699	687	686	691
S	692	708	692	684	687	688	687	688	700	688	687	692
V	693	709	693	685	688	689	688	689	701	689	688	693
F	694	710	694	686	689	690	689	690	702	690	689	694
N	695	711	695	687	690	691	690	691	703	691	690	695
I	696	712	696	688	691	692	691	692	704	692	691	696
C	697	713	697	689	692	693	692	693	705	693	692	697
Q	698	714	698	690	693	694	693	694	706	694	693	698
A	699	715	699	691	694	695	694	695	707	695	694	699
V	700	716	700	692	695	696	695	696	708	696	695	700
T	701	717	701	693	696	697	696	697	709	697	696	701
A	702	718	702	694	697	698	697	698	710	698	697	702
N	703	719	703	695	698	699	698	699	711	699	698	703
V	704	720	704	696	699	700	699	700	712	700	699	704
N	705	721	705	697	700	701	700	701	713	701	700	705
A	706	722	706	698	701	702	701	702	714	702	701	706
L	707	723	707	699	702	703	702	703	715	703	702	707
L	708	724	708	700	703	704	703	704	716	704	703	708
S	709	725	709	701	704	705	704	705	717	705	704	709
T	710	726	710	702	705	706	705	706	718	706	705	710
D	711	727	711	703	706	707	706	707	719	707	706	711
G	712	728	712	704	707	708	707	708	720	708	707	712
N	713	729	713	705	708	709	708	709	721	709	708	713
K	714	730	714	706	709	710	709	710	722	710	709	714
I	715	731	715	707	710	711	710	711	723	711	710	715
A	716	732	716	708	711	712	711	712	724	712	711	716
D	717	733	717	709	712	713	712	713	725	713	712	717
K	718	734	718	710	713	714	713	714	726	714	713	718
Y	719	735	719	711	714	715	714	715	727	715	714	719
V	720	736	720	712	715	716	715	716	728	716	715	720
R	721	737	721	713	716	717	716	717	729	717	716	721
N	722	738	722	714	717	718	717	718	730	718	717	722
L	723	739	723	715	718	719	718	719	731	719	718	723
Q	724	740	724	716	719	720	719	720	732	720	719	724
H	725	741	725	717	720	721	720	721	733	721	720	725
R	726	742	726	718	721	722	721	722	734	722	721	726
L	727	743	727	719	722	723	722	723	735	723	722	727
Y	728	744	728	720	723	724	723	724	736	724	723	728
E	729	745	729	721	724	725	724	725	737	725	724	729
C	730	746	730	722	725	726	725	726	738	726	725	730
L	731	747	731	723	726	727	726	727	739	727	726	731
Y	732	748	732	724	727	728	727	728	740	728	727	732
R	733	749	733	725	728	729	728	729	741	729	728	733
N	734	750	734	726	729	730	729	730	742	730	729	734
R	735	751	735	727	730	731	730	731	743	731	730	735
D	736	752	736	728	731	732	731	732	744	732	731	736
V	737	753	737	729	732	733	732	733	745	733	732	737
D	738	754	738	730	733	734	733	734	746	734	733	738
T	739	755	739	731	734	735	734	735	747	735	734	739
D	740	756	740	732	735	736	735	736	748	736	735	740
F	741	757	741	733	736	737	736	737	749	737	736	741
V	742	758	742	734	737	738	737	738	750	738	737	742
N	743	759	743	735	738	739	738	739	751	739	738	743
E	744	760	744	736	739	740	739	740	752	740	739	744
F	745	761	745	737	740	741	740	741	753	741	740	745
Y	746	762	746	738	741	742	741	742	754	742	741	746
A	747	763	747	739	742	743	742	743	755	743	742	747
Y	748	764	748	740	743	744	743	744	756	744	743	748
L	749	765	749	741	744	745	744	745	757	745	744	749
R	750	766	750	742	745	746	745	746	758	746	745	750
K	751	767	751	743	746	747	746	747	759	747	746	751
H	752	768	752	744	747	748	747	748	760	748	747	752
F	753	769	753	745	748	749	748	749	761	749	748	753
S	754	770	754	746	749	750	749	750	762	750	749	754
M	755	771	755	747	750	751	750	751	763	751	750	755
M	756	772	756	748	751	752	751	752	764	752	751	756
I	757	773	757	749	752	753	752	753	765	753	752	757
L	758	774	758	750	753	754	753	754	766	754	753	758
S	759	775	759	751	754	755	754	755	767	755	754	759
D	760	776	760	752	755	756	755	756	768	756	755	760
D	761	777	761	0	756	757	756	757	769	757	756	761
A	762	778	762	0	757	758	757	758	770	758	757	762
V	763	779	763	0	758	759	758	759	771	759	758	763
V	764	780	764	0	759	760	759	760	772	760	759	764
C	765	781	765	0	760	761	760	761	773	761	760	765
F	766	782	766	0	761	762	761	762	774	762	761	766
N	767	783	767	0	762	763	762	763	775	763	762	767
S	768	784	768	0	763	764	763	764	776	764	763	768
T	769	785	769	0	764	765	764	765	777	765	764	769
Y	770	786	770	0	765	766	765	766	778	766	765	770
A	771	787	771	0	766	767	766	767	779	767	766	771
S	772	788	772	0	767	768	767	768	780	768	767	772
Q	773	789	773	0	768	769	768	769	781	769	768	773
G	774	790	774	0	769	770	769	770	782	770	769	774
L	775	791	775	0	770	771	770	771	783	771	770	775
V	776	792	776	0	771	772	771	772	784	772	771	776
A	777	793	777	0	772	773	772	773	785	773	772	777
S	778	794	778	0	773	774	773	774	786	774	773	778
I	779	795	779	0	774	775	774	775	787	775	774	779
K	780	796	780	0	775	776	775	776	788	776	775	780
N	781	797	781	0	776	777	776	777	789	777	776	781
F	782	798	782	0	777	778	777	778	790	778	777	782
K	783	799	783	0	778	779	778	779	791	779	778	783
S	784	800	784	0	779	780	779	780	792	780	779	784
V	785	801	785	0	780	781	780	781	793	781	780	785
L	786	802	786	0	781	782	781	782	794	782	781	786
Y	787	803	787	0	782	783	782	783	795	783	782	787
Y	788	804	788	0	783	784	783	784	796	784	783	788
Q	789	805	789	0	784	785	784	785	797	785	784	789
N	790	806	790	0	785	786	785	786	798	786	785	790
N	791	807	791	0	786	787	786	787	799	787	786	791
V	792	808	792	0	787	788	787	788	800	788	787	792
F	793	809	793	0	788	789	788	789	801	789	788	793
M	794	810	794	0	789	790	789	790	802	790	789	794
S	795	811	795	0	790	791	790	791	803	791	790	795
E	796	812	796	0	791	792	791	792	804	792	791	796
A	797	813	797	0	792	793	792	793	805	793	792	797
K	798	814	798	0	793	794	793	794	806	794	793	798
C	799	815	799	0	794	795	794	795	807	795	794	799
W	800	816	800	0	795	796	795	796	808	796	795	800
T	801	817	801	0	796	797	796	797	809	797	796	801
E	802	818	802	0	797	798	797	798	810	798	797	802
T	803	819	803	0	798	799	798	799	811	799	798	803
D	804	820	804	0	799	800	799	800	812	800	799	804
L	805	821	805	0	800	801	800	801	813	801	800	805
T	806	822	806	0	801	802	801	802	814	802	801	806
K	807	823	807	0	802	803	802	803	815	803	802	807
G	808	824	808	0	803	804	803	804	816	804	803	808
P	809	825	809	0	804	805	804	805	817	805	804	809
H	810	826	810	0	805	806	805	806	818	806	805	810
E	811	827	811	0	806	807	806	807	819	807	806	811
F	812	828	812	0	807	808	807	808	820	808	807	812
C	813	829	813	0	808	809	808	809	821	809	808	813
S	814	830	814	0	809	810	809	810	822	810	809	814
Q	815	831	815	0	810	811	810	811	823	811	810	815
H	816	832	816	0	811	812	811	812	824	812	811	816
T	817	833	817	0	812	813	812	813	825	813	812	817
M	818	834	818	0	813	814	813	814	826	814	813	818
L	819	835	819	0	814	815	814	815	827	815	814	819
V	820	836	820	0	815	816	815	816	828	816	815	820
K	821	837	821	0	816	817	816	817	829	817	816	821
Q	822	838	822	0	817	818	817	818	830	818	817	822
G	823	839	823	0	818	819	818	819	831	819	818	823
D	824	840	824	0	819	820	819	820	832	820	819	824
D	825	841	825	0	820	821	820	821	833	821	820	825
Y	826	842	826	0	821	822	821	822	834	822	821	826
V	827	843	827	0	822	823	822	823	835	823	822	827
Y	828	844	828	0	823	824	823	824	836	824	823	828
L	829	845	829	0	824	825	824	825	837	825	824	829
P	830	846	830	0	825	826	825	826	838	826	825	830
Y	831	847	831	0	826	827	826	827	839	827	826	831
P	832	848	832	0	827	828	827	828	840	828	827	832
D	833	849	833	0	828	829	828	829	841	829	828	833
P	834	850	834	0	829	830	829	830	842	830	829	834
S	835	851	835	0	830	831	830	831	843	831	830	835
R	836	852	836	0	831	832	831	832	844	832	831	836
I	837	853	837	0	832	833	832	833	845	833	832	837
L	838	854	838	0	833	834	833	834	846	834	833	838
G	839	855	839	0	834	835	834	835	847	835	834	839
A	840	856	840	0	835	836	835	836	848	836	835	840
G	841	857	841	0	836	837	836	837	849	837	836	841
C	842	858	842	0	837	838	837	838	850	838	837	842
F	843	859	843	0	838	839	838	839	851	839	838	843
V	844	860	844	0	839	840	839	840	852	840	839	844
D	845	861	845	0	840	841	840	841	853	841	840	845
D	846	862	846	0	841	842	841	842	854	842	841	846
I	847	863	847	0	842	843	842	843	855	843	842	847
V	848	864	848	0	843	844	843	844	856	844	843	848
K	849	865	849	0	844	845	844	845	857	845	844	849
T	850	866	850	0	845	846	845	846	858	846	845	850
D	851	867	851	0	846	847	846	847	859	847	846	851
G	852	868	852	0	847	848	847	848	860	848	847	852
T	853	869	853	0	848	849	848	849	861	849	848	853
L	854	870	854	0	849	850	849	850	862	850	849	854
M	855	871	855	0	850	851	850	851	863	851	850	855
I	856	872	856	0	851	852	851	852	864	852	851	856
E	857	873	857	0	852	853	852	853	865	853	852	857
R	858	874	858	0	853	854	853	854	866	854	853	858
F	859	875	859	0	854	855	854	855	867	855	854	859
V	860	876	860	0	855	856	855	856	868	856	855	860
S	861	877	861	0	856	857	856	857	869	857	856	861
L	862	878	862	0	857	858	857	858	870	858	857	862
A	863	879	863	0	858	859	858	859	871	859	858	863
I	864	880	864	0	859	860	859	860	872	860	859	864
D	865	881	865	0	860	861	860	861	873	861	860	865
A	866	882	866	0	861	862	861	862	874	862	861	866
Y	867	883	867	0	862	863	862	863	875	863	862	867
P	868	884	868	0	863	864	863	864	876	864	863	868
L	869	885	869	0	864	865	864	865	877	865	864	869
T	870	886	870	0	865	866	865	866	878	866	865	870
K	871	887	871	0	866	867	866	867	879	867	866	871
H	872	888	872	0	867	868	867	868	880	868	867	872
P	873	889	873	0	868	869	868	869	881	869	868	873
N	874	890	874	0	869	870	869	870	882	870	869	874
Q	875	891	875	0	870	871	870	871	883	871	870	875
E	876	892	876	0	871	872	871	872	884	872	871	876
Y	877	893	877	0	872	873	872	873	885	873	872	877
A	878	894	878	0	873	874	873	874	886	874	873	878
D	879	895	879	0	874	875	874	875	887	875	874	879
V	880	896	880	0	875	876	875	876	888	876	875	880
F	881	897	881	0	876	877	876	877	889	877	876	881
H	882	898	882	0	877	878	877	878	890	878	877	882
L	883	899	883	0	878	879	878	879	891	879	878	883
Y	884	900	884	0	879	880	879	880	892	880	879	884
L	885	901	885	0	880	881	880	881	893	881	880	885
Q	886	902	886	0	881	882	881	882	894	882	881	886
Y	887	903	887	0	882	883	882	883	895	883	882	887
I	888	904	888	0	883	884	883	884	896	884	883	888
R	889	905	889	0	884	885	884	885	897	885	884	889
K	890	906	890	0	885	886	885	886	898	886	885	890
L	891	907	891	0	886	887	886	887	899	887	886	891
H	892	908	892	0	887	888	887	888	900	888	887	892
D	893	909	893	0	888	889	888	889	901	889	888	893
E	894	910	894	0	889	890	889	890	902	890	889	894
L	895	911	895	0	890	891	890	891	903	891	890	895
T	896	912	896	0	891	892	891	892	904	892	891	896
G	897	913	897	0	892	893	892	893	905	893	892	897
H	898	914	898	0	893	894	893	894	906	894	893	898
M	899	915	899	0	894	895	894	895	907	895	894	899
L	900	916	900	0	895	896	895	896	908	896	895	900
D	901	917	901	0	896	897	896	897	909	897	896	901
M	902	918	902	0	897	898	897	898	910	898	897	902
Y	903	919	903	0	898	899	898	899	911	899	898	903
S	904	920	904	0	899	900	899	900	912	900	899	904
V	905	921	905	0	900	901	900	901	913	901	900	905
M	906	922	906	0	901	902	901	902	914	902	901	906
L	907	923	907	0	902	903	902	903	915	903	902	907
T	908	924	908	0	903	904	903	904	916	904	903	908
N	909	925	909	0	904	905	904	905	917	905	904	909
D	910	926	910	0	905	906	905	906	918	906	905	910
N	911	927	911	0	906	907	906	907	919	907	906	911
T	912	928	912	0	907	908	907	908	920	908	907	912
S	913	929	913	0	908	909	908	909	921	909	908	913
R	914	930	914	0	909	910	909	910	922	910	909	914
Y	915	931	915	0	910	911	910	911	923	911	910	915
W	916	932	916	0	911	912	911	912	924	912	911	916
E	917	933	917	0	912	913	912	913	925	913	912	917
P	918	934	918	0	913	914	913	914	926	914	913	918
E	919	935	919	0	914	915	914	915	927	915	914	919
F	920	936	920	0	915	916	915	916	928	916	915	920
Y	921	937	921	0	916	917	916	917	929	917	916	921
E	922	938	922	0	917	918	917	918	930	918	917	922
A	923	939	923	0	918	919	918	919	931	919	918	923
M	924	940	924	0	919	920	919	920	932	920	919	924
Y	925	941	925	0	920	921	920	921	933	921	920	925
T	926	942	926	0	921	922	921	922	934	922	921	926
P	927	943	927	0	922	923	922	923	935	923	922	927
H	928	944	928	0	923	924	923	924	936	924	923	928
T	929	945	929	0	924	925	924	925	937	925	924	929
V	930	946	930	0	925	926	925	926	938	926	925	930
L	931	947	931	0	926	927	926	927	939	927	926	931
Q	932	948	932	0	927	928	927	928	940	928	927	932
