AA	NC_045512.2	Alignment	FJ647223.1	NC_038294.1	NC_004718.3	FJ647218.1	MN996527.1	NC_028806.1	AY714217.1	KF367457.1	NC_038861.1	NC_002306.3	MG772934.1	AY463059.1	MN996528.1	DQ022305.2
M	1	1	1	1	1	1	1	1	1	1	1	1	1	1	1	1
A	2	2	2	2	2	2	2	2	2	2	2	2	2	2	2	2
D	3	33	0	0	0	0	3	32	0	0	32	32	3	0	3	0
S	4	34	3	3	3	3	4	33	3	3	33	33	4	3	4	3
N	5	35	4	4	4	4	5	34	4	4	34	34	5	4	5	4
G	6	36	5	5	5	5	6	35	5	5	35	35	6	5	6	5
T	7	37	6	6	6	6	7	36	6	6	36	36	7	6	7	6
I	8	38	7	7	7	7	8	37	7	7	37	37	8	7	8	7
T	9	39	8	8	8	8	9	38	8	8	38	38	9	8	9	8
V	10	40	9	9	9	9	10	39	9	9	39	39	10	9	10	9
E	11	41	10	10	10	10	11	40	10	10	40	40	11	10	11	10
E	12	49	18	11	11	18	12	46	11	11	46	46	12	11	12	11
L	13	50	19	12	12	19	13	47	12	12	47	47	13	12	13	12
K	14	51	20	13	13	20	14	48	13	13	48	48	14	13	14	13
K	15	52	21	14	14	21	15	49	14	14	49	49	15	14	15	14
L	16	53	22	15	15	22	16	50	15	15	50	50	16	15	16	15
L	17	54	23	16	16	23	17	51	16	16	51	51	17	16	17	16
E	18	55	24	17	17	24	18	52	17	17	52	52	18	17	18	17
Q	19	56	25	18	18	25	19	53	18	18	53	53	19	18	19	18
W	20	57	26	19	19	26	20	54	19	19	54	54	20	19	20	19
N	21	58	27	20	20	27	21	55	20	20	55	55	21	20	21	20
L	22	59	28	21	21	28	22	56	21	21	56	56	22	21	22	21
V	23	60	29	22	22	29	23	57	22	22	57	57	23	22	23	22
I	24	61	30	23	23	30	24	58	23	23	58	58	24	23	24	23
G	25	62	31	24	24	31	25	59	24	24	59	59	25	24	25	24
F	26	63	32	25	25	32	26	60	25	25	60	60	26	25	26	25
L	27	64	33	26	26	33	27	61	26	26	61	61	27	26	27	26
F	28	65	34	27	27	34	28	62	27	27	62	62	28	27	28	27
L	29	66	35	28	28	35	29	63	28	28	63	63	29	28	29	28
T	30	67	36	29	29	36	30	64	29	29	64	64	30	29	30	29
W	31	68	37	30	30	37	31	65	30	30	65	65	31	30	31	30
I	32	69	38	31	31	38	32	66	31	31	66	66	32	31	32	31
C	33	70	39	32	32	39	33	67	32	32	67	67	33	32	33	32
L	34	71	40	33	33	40	34	68	33	33	68	68	34	33	34	33
L	35	72	41	34	34	41	35	69	34	34	69	69	35	34	35	34
Q	36	73	42	35	35	42	36	70	35	35	70	70	36	35	36	35
F	37	74	43	36	36	43	37	71	36	36	71	71	37	36	37	36
A	38	75	44	37	37	44	38	72	37	37	72	72	38	37	38	37
Y	39	76	45	38	38	45	39	73	38	38	73	73	39	38	39	38
A	40	77	46	39	39	46	40	74	39	39	74	74	40	39	40	39
N	41	78	47	40	40	47	41	75	40	40	75	75	41	40	41	40
R	42	79	48	41	41	48	42	76	41	41	76	76	42	41	42	41
N	43	80	49	42	42	49	43	77	42	42	77	77	43	42	43	42
R	44	81	50	43	43	50	44	78	43	43	78	78	44	43	44	43
F	45	82	51	44	44	51	45	79	44	44	79	79	45	44	45	44
L	46	83	52	45	45	52	46	80	45	45	80	80	46	45	46	45
Y	47	84	53	46	46	53	47	81	46	46	81	81	47	46	47	46
I	48	85	54	47	47	54	48	82	47	47	82	82	48	47	48	47
I	49	86	55	48	48	55	49	83	48	48	83	83	49	48	49	48
K	50	87	56	49	49	56	50	84	49	49	84	84	50	49	50	49
L	51	88	57	50	50	57	51	85	50	50	85	85	51	50	51	50
I	52	89	58	51	51	58	52	86	51	51	86	86	52	51	52	51
F	53	90	59	52	52	59	53	87	52	52	87	87	53	52	53	52
L	54	91	60	53	53	60	54	88	53	53	88	88	54	53	54	53
W	55	92	61	54	54	61	55	89	54	54	89	89	55	54	55	54
L	56	93	62	55	55	62	56	90	55	55	90	90	56	55	56	55
L	57	94	63	56	56	63	57	91	56	56	91	91	57	56	57	56
W	58	95	64	57	57	64	58	92	57	57	92	92	58	57	58	57
P	59	96	65	58	58	65	59	93	58	58	93	93	59	58	59	58
V	60	97	66	59	59	66	60	94	59	59	94	94	60	59	60	59
T	61	98	67	60	60	67	61	95	60	60	95	95	61	60	61	60
L	62	99	68	61	61	68	62	96	61	61	96	96	62	61	62	61
A	63	100	69	62	62	69	63	97	62	62	97	97	63	62	63	62
C	64	101	70	63	63	70	64	98	63	63	98	98	64	63	64	63
F	65	102	71	64	64	71	65	99	64	64	99	99	65	64	65	64
V	66	103	72	65	65	72	66	100	65	65	100	100	66	65	66	65
L	67	104	73	66	66	73	67	101	66	66	101	101	67	66	67	66
A	68	105	74	67	67	74	68	102	67	67	102	102	68	67	68	67
A	69	106	75	68	68	75	69	103	68	68	103	103	69	68	69	68
V	70	107	76	69	69	76	70	104	69	69	104	104	70	69	70	69
Y	71	110	77	70	70	77	71	107	70	70	107	107	71	70	71	70
R	72	111	78	71	71	78	72	108	71	71	108	108	72	71	72	71
I	73	112	79	72	72	79	73	109	72	72	109	109	73	72	73	72
N	74	113	80	73	73	80	74	110	73	73	110	110	74	73	74	73
W	75	115	81	74	74	81	75	112	74	74	112	112	75	74	75	74
I	76	116	82	75	75	82	76	113	75	75	113	113	76	75	76	75
T	77	117	83	76	76	83	77	114	76	76	114	114	77	76	77	76
G	78	118	84	77	77	84	78	115	77	77	115	115	78	77	78	77
G	79	119	85	78	78	85	79	116	78	78	116	116	79	78	79	78
I	80	120	86	79	79	86	80	117	79	79	117	117	80	79	80	79
A	81	121	87	80	80	87	81	118	80	80	118	118	81	80	81	80
I	82	122	88	81	81	88	82	119	81	81	119	119	82	81	82	81
A	83	123	89	82	82	89	83	120	82	82	120	120	83	82	83	82
M	84	124	90	83	83	90	84	121	83	83	121	121	84	83	84	83
A	85	125	91	84	84	91	85	122	84	84	122	122	85	84	85	84
C	86	126	92	85	85	92	86	123	85	85	123	123	86	85	86	85
L	87	127	93	86	86	93	87	124	86	86	124	124	87	86	87	86
V	88	128	94	87	87	94	88	125	87	87	125	125	88	87	88	87
G	89	129	95	88	88	95	89	126	88	88	126	126	89	88	89	88
L	90	130	96	89	89	96	90	127	89	89	127	127	90	89	90	89
M	91	131	97	90	90	97	91	128	90	90	128	128	91	90	91	90
W	92	132	98	91	91	98	92	129	91	91	129	129	92	91	92	91
L	93	133	99	92	92	99	93	130	92	92	130	130	93	92	93	92
S	94	134	100	93	93	100	94	131	93	93	131	131	94	93	94	93
Y	95	135	101	94	94	101	95	132	94	94	132	132	95	94	95	94
F	96	136	102	95	95	102	96	133	95	95	133	133	96	95	96	95
I	97	137	103	96	96	103	97	134	96	96	134	134	97	96	97	96
A	98	138	104	97	97	104	98	135	97	97	135	135	98	97	98	97
S	99	139	105	98	98	105	99	136	98	98	136	136	99	98	99	98
F	100	140	106	99	99	106	100	137	99	99	137	137	100	99	100	99
R	101	141	107	100	100	107	101	138	100	100	138	138	101	100	101	100
L	102	142	108	101	101	108	102	139	101	101	139	139	102	101	102	101
F	103	143	109	102	102	109	103	140	102	102	140	140	103	102	103	102
A	104	144	110	103	103	110	104	141	103	103	141	141	104	103	104	103
R	105	145	111	104	104	111	105	142	104	104	142	142	105	104	105	104
T	106	146	112	105	105	112	106	143	105	105	143	143	106	105	106	105
R	107	147	113	106	106	113	107	144	106	106	144	144	107	106	107	106
S	108	148	114	107	107	114	108	145	107	107	145	145	108	107	108	107
M	109	149	115	108	108	115	109	146	108	108	146	146	109	108	109	108
W	110	150	116	109	109	116	110	147	109	109	147	147	110	109	110	109
S	111	151	117	110	110	117	111	148	110	110	148	148	111	110	111	110
F	112	152	118	111	111	118	112	149	111	111	149	149	112	111	112	111
N	113	153	119	112	112	119	113	150	112	112	150	150	113	112	113	112
P	114	154	120	113	113	120	114	151	113	113	151	151	114	113	114	113
E	115	155	121	114	114	121	115	152	114	114	152	152	115	114	115	114
T	116	156	122	115	115	122	116	153	115	115	153	153	116	115	116	115
N	117	157	123	116	116	123	117	154	116	116	154	154	117	116	117	116
I	118	158	124	117	117	124	118	155	117	117	155	155	118	117	118	117
L	119	159	125	118	118	125	119	156	118	118	156	156	119	118	119	118
L	120	160	126	119	119	126	120	157	119	119	157	157	120	119	120	119
N	121	161	127	120	120	127	121	158	120	120	158	158	121	120	121	120
V	122	162	128	121	121	128	122	159	121	121	159	159	122	121	122	121
P	123	163	129	122	122	129	123	160	122	122	160	160	123	122	123	122
L	124	164	130	123	123	130	124	161	123	123	161	161	124	123	124	123
H	125	165	131	124	124	131	125	162	124	124	162	162	125	124	125	124
G	126	166	132	125	125	132	126	163	125	125	163	163	126	125	126	125
T	127	167	133	126	126	133	127	164	126	126	164	164	127	126	127	126
I	128	168	134	127	127	134	128	165	127	127	165	165	128	127	128	127
L	129	169	135	128	128	135	129	166	128	128	166	166	129	128	129	128
T	130	170	136	129	129	136	130	167	129	129	167	167	130	129	130	129
R	131	171	137	130	130	137	131	168	130	130	168	168	131	130	131	130
P	132	172	138	131	131	138	132	169	131	131	169	169	132	131	132	131
L	133	173	139	132	132	139	133	170	132	132	170	170	133	132	133	132
L	134	174	140	133	133	140	134	171	133	133	171	171	134	133	134	133
E	135	175	141	134	134	141	135	172	134	134	172	172	135	134	135	134
S	136	176	142	135	135	142	136	173	135	135	173	173	136	135	136	135
E	137	177	143	136	136	143	137	174	136	136	174	174	137	136	137	136
L	138	178	144	137	137	144	138	175	137	137	175	175	138	137	138	137
V	139	179	145	138	138	145	139	176	138	138	176	176	139	138	139	138
I	140	180	146	139	139	146	140	177	139	139	177	177	140	139	140	139
G	141	181	147	140	140	147	141	178	140	140	178	178	141	140	141	140
A	142	182	148	141	141	148	142	179	141	141	179	179	142	141	142	141
V	143	183	149	142	142	149	143	180	142	142	180	180	143	142	143	142
I	144	184	150	143	143	150	144	181	143	143	181	181	144	143	144	143
L	145	185	151	144	144	151	145	182	144	144	182	182	145	144	145	144
R	146	186	152	145	145	152	146	183	145	145	183	183	146	145	146	145
G	147	187	153	146	146	153	147	184	146	146	184	184	147	146	147	146
H	148	188	154	147	147	154	148	185	147	147	185	185	148	147	148	147
L	149	189	155	148	148	155	149	186	148	148	186	186	149	148	149	148
R	150	190	156	149	149	156	150	187	149	149	187	187	150	149	150	149
I	151	191	157	150	150	157	151	188	150	150	188	188	151	150	151	150
A	152	192	158	151	151	158	152	189	151	151	189	189	152	151	152	151
G	153	193	159	152	152	159	153	190	152	152	190	190	153	152	153	152
H	154	194	160	153	153	160	154	191	153	153	191	191	154	153	154	153
H	155	195	161	154	154	161	155	192	154	154	192	192	155	154	155	154
L	156	196	162	155	155	162	156	193	155	155	193	193	156	155	156	155
G	157	197	163	156	156	163	157	194	156	156	194	194	157	156	157	156
R	158	199	165	157	157	165	158	196	157	157	196	196	158	157	158	157
C	159	200	166	158	158	166	159	197	158	158	197	197	159	158	159	158
D	160	201	167	159	159	167	160	198	159	159	198	198	160	159	160	159
I	161	202	168	160	160	168	161	199	160	160	199	199	161	160	161	160
K	162	203	169	161	161	169	162	200	161	161	200	200	162	161	162	161
D	163	204	170	162	162	170	163	201	162	162	201	201	163	162	163	162
L	164	205	171	163	163	171	164	202	163	163	202	202	164	163	164	163
P	165	206	172	164	164	172	165	203	164	164	203	203	165	164	165	164
K	166	207	173	165	165	173	166	204	165	165	204	204	166	165	166	165
E	167	208	174	166	166	174	167	205	166	166	205	205	167	166	167	166
I	168	209	175	167	167	175	168	206	167	167	206	206	168	167	168	167
T	169	210	176	168	168	176	169	207	168	168	207	207	169	168	169	168
V	170	211	177	169	169	177	170	208	169	169	208	208	170	169	170	169
A	171	212	178	170	170	178	171	209	170	170	209	209	171	170	171	170
T	172	213	179	171	171	179	172	210	171	171	210	210	172	171	172	171
S	173	214	180	172	172	180	173	211	172	172	211	211	173	172	173	172
R	174	215	181	173	173	181	174	212	173	173	212	212	174	173	174	173
T	175	216	182	174	174	182	175	213	174	174	213	213	175	174	175	174
L	176	217	183	175	175	183	176	214	175	175	214	214	176	175	176	175
S	177	218	184	176	176	184	177	215	176	176	215	215	177	176	177	176
Y	178	219	185	177	177	185	178	216	177	177	216	216	178	177	178	177
Y	179	220	186	178	178	186	179	217	178	178	217	217	179	178	179	178
K	180	221	187	179	179	187	180	218	179	179	218	218	180	179	180	179
L	181	222	188	180	180	188	181	219	180	180	219	219	181	180	181	180
G	182	223	189	181	181	189	182	220	181	181	220	220	182	181	182	181
A	183	224	190	182	182	190	183	221	182	182	221	221	183	182	183	182
S	184	225	191	183	183	191	184	222	183	183	222	222	184	183	184	183
Q	185	226	192	184	184	192	185	223	184	184	223	223	185	184	185	184
R	186	228	193	185	185	193	186	225	185	185	225	225	186	185	186	185
V	187	229	194	186	186	194	187	226	186	186	226	226	187	186	187	186
A	188	230	195	187	187	195	188	227	187	187	227	227	188	187	188	187
G	189	231	196	188	188	196	189	228	188	188	228	228	189	188	189	188
D	190	232	197	189	189	197	190	229	189	189	229	229	190	189	190	189
S	191	233	198	190	190	198	191	230	190	190	230	230	191	190	191	190
G	192	234	199	191	191	199	192	231	191	191	231	231	192	191	192	191
F	193	235	200	192	192	200	193	232	192	192	232	232	193	192	193	192
A	194	236	201	193	193	201	194	233	193	193	233	233	194	193	194	193
A	195	237	202	194	194	202	195	234	194	194	234	234	195	194	195	194
Y	196	238	203	195	195	203	196	235	195	195	235	235	196	195	196	195
S	197	239	204	196	196	204	197	236	196	196	236	236	197	196	197	196
R	198	240	205	197	197	205	198	237	197	197	237	237	198	197	198	197
Y	199	241	206	198	198	206	199	238	198	198	238	238	199	198	199	198
R	200	242	207	199	199	207	200	239	199	199	239	239	200	199	200	199
I	201	243	208	200	200	208	201	240	200	200	240	240	201	200	201	200
G	202	244	209	201	201	209	202	241	201	201	241	241	202	201	202	201
N	203	245	210	202	202	210	203	242	202	202	242	242	203	202	203	202
Y	204	246	211	203	203	211	204	243	203	203	243	243	204	203	204	203
K	205	247	212	204	204	212	205	244	204	204	244	244	205	204	205	204
L	206	248	213	205	205	213	206	245	205	205	245	245	206	205	206	205
N	207	249	214	206	206	214	207	246	206	206	246	246	207	206	207	206
T	208	250	215	0	207	215	208	247	207	207	247	247	208	207	208	207
D	209	251	216	0	208	216	209	248	208	208	248	248	209	208	209	208
H	210	252	217	0	209	217	210	249	209	209	249	249	210	209	210	209
S	211	253	218	207	210	218	211	250	210	210	250	250	211	210	211	210
S	212	254	219	208	211	219	212	251	211	211	251	251	212	211	212	211
S	213	255	220	209	212	220	213	252	212	212	252	252	213	212	213	212
S	214	256	221	210	213	221	214	253	213	213	253	253	214	213	214	213
D	215	257	222	211	214	222	215	254	214	214	254	254	215	214	215	214
N	216	258	223	212	215	223	216	255	215	215	255	255	216	215	216	215
I	217	261	224	215	216	224	217	258	216	216	258	258	217	216	217	216
A	218	262	225	216	217	225	218	259	217	217	259	259	218	217	218	217
L	219	263	226	217	218	226	219	260	218	218	260	260	219	218	219	218
L	220	264	227	218	219	227	220	261	219	219	261	261	220	219	220	219
V	221	265	228	219	220	228	221	262	220	220	262	262	221	220	221	220
Q	222	266	0	0	221	0	222	0	221	221	0	0	222	221	222	221
