AA	NC_045512	Alignment	GU053651	FJ718994	NC_003436	DQ112226	AAT98578	YP_0090472	KU182965	AY994055	DQ160294
S	1	37	3	3	1	3	1	1	37	3	3
G	2	38	4	4	2	4	2	2	38	4	4
F	3	39	5	5	3	5	3	3	39	5	5
R	4	40	6	6	4	6	4	4	40	6	6
K	5	41	7	7	5	7	5	5	41	7	7
M	6	42	8	8	6	8	6	6	42	8	8
A	7	43	9	9	7	9	7	7	43	9	9
F	8	44	10	10	8	10	8	8	44	10	10
P	9	45	11	11	9	11	9	9	45	11	11
S	10	46	12	12	10	12	10	10	46	12	12
G	11	47	13	13	11	13	11	11	47	13	13
K	12	48	14	14	12	14	12	12	48	14	14
V	13	49	15	15	13	15	13	13	49	15	15
E	14	50	16	16	14	16	14	14	50	16	16
G	15	51	17	17	15	17	15	15	51	17	17
C	16	52	18	18	16	18	16	16	52	18	18
M	17	53	19	19	17	19	17	17	53	19	19
V	18	54	20	20	18	20	18	18	54	20	20
Q	19	69	0	0	19	0	19	19	69	0	0
V	20	70	0	0	20	0	20	20	70	0	0
T	21	71	21	21	21	21	21	21	71	21	21
C	22	72	22	22	22	22	22	22	72	22	22
G	23	73	23	23	23	23	23	23	73	23	23
T	24	74	24	24	24	24	24	24	74	24	24
T	25	75	25	25	25	25	25	25	75	25	25
T	26	76	26	26	26	26	26	26	76	26	26
L	27	77	27	27	27	27	27	27	77	27	27
N	28	78	28	28	28	28	28	28	78	28	28
G	29	79	29	29	29	29	29	29	79	29	29
L	30	80	0	30	30	30	30	30	80	30	0
W	31	81	0	31	31	31	31	31	81	31	0
L	32	82	0	32	32	32	32	32	82	32	0
D	33	83	0	33	33	33	33	33	83	33	0
D	34	84	0	34	34	34	34	34	84	34	0
V	35	85	0	35	35	35	35	35	85	35	0
V	36	86	30	36	36	36	36	36	86	36	30
Y	37	87	31	37	37	37	37	37	87	37	31
C	38	95	32	38	38	38	38	38	95	38	32
P	39	96	33	39	39	39	39	39	96	39	33
R	40	97	34	40	40	40	40	40	97	40	34
H	41	98	35	41	41	41	41	41	98	0	35
V	42	99	36	42	42	42	42	42	99	41	36
I	43	100	37	43	43	43	43	43	100	42	37
C	44	101	38	44	0	44	44	44	101	43	38
T	45	102	39	45	44	45	45	45	102	44	39
S	46	103	40	46	45	46	46	46	103	45	40
E	47	104	41	47	46	47	47	47	104	46	41
D	48	105	42	48	47	48	48	48	105	47	42
M	49	106	43	49	48	49	49	49	106	48	43
L	50	107	44	50	49	50	50	50	107	49	44
N	51	108	45	51	50	51	51	51	108	50	45
P	52	109	46	52	51	52	52	52	109	51	46
N	53	110	47	53	52	53	53	53	110	52	47
Y	54	114	48	54	53	54	54	54	114	53	48
E	55	115	49	55	54	55	55	55	115	54	49
D	56	116	50	56	55	56	56	56	116	55	50
L	57	117	51	57	56	57	57	57	117	56	51
L	58	131	58	64	57	64	58	58	131	63	58
I	59	132	59	65	58	65	59	59	132	64	59
R	60	133	60	66	59	66	60	60	133	65	60
K	61	134	61	67	60	67	61	61	134	66	61
S	62	135	62	68	61	68	62	62	135	67	62
N	63	136	63	69	62	69	63	63	136	68	63
H	64	137	64	70	63	70	64	64	137	69	64
N	65	138	65	71	64	71	65	65	138	70	65
F	66	139	66	72	65	72	66	66	139	71	66
L	67	140	67	73	66	73	67	67	140	72	67
V	68	141	68	74	67	74	68	68	141	73	68
Q	69	142	69	75	68	75	69	69	142	74	69
A	70	146	70	76	69	76	70	73	143	75	70
G	71	147	71	77	70	77	71	74	144	76	71
N	72	148	72	78	71	78	72	75	145	77	72
V	73	149	73	79	72	79	73	76	146	78	73
Q	74	160	74	80	73	80	74	77	157	79	74
L	75	161	75	81	74	81	75	78	158	80	75
R	76	162	76	82	75	82	76	79	159	81	76
V	77	163	77	83	76	83	77	80	160	82	77
I	78	164	78	84	77	84	78	81	161	83	78
G	79	165	79	85	78	85	79	82	162	84	79
H	80	166	80	86	79	86	80	83	163	85	80
S	81	167	81	87	80	87	81	84	164	86	81
M	82	168	82	88	81	88	82	85	165	87	82
Q	83	169	83	89	82	89	83	86	166	88	83
N	84	170	84	90	83	90	84	87	167	89	84
C	85	171	85	91	84	91	85	88	168	90	85
V	86	172	86	92	85	92	86	89	169	91	86
L	87	173	87	93	86	93	87	90	170	92	87
K	88	174	88	94	87	94	88	91	171	93	88
L	89	175	0	0	88	0	89	92	172	0	0
K	90	176	0	0	89	0	90	93	173	0	0
V	91	177	0	0	90	0	91	94	0	0	0
D	92	178	0	0	91	0	92	95	0	0	0
T	93	179	0	0	92	0	93	96	0	0	0
A	94	180	0	0	93	0	94	97	0	0	0
N	95	181	0	0	94	0	95	98	0	0	0
P	96	182	0	0	95	0	96	99	0	0	0
K	97	183	0	0	96	0	97	100	0	0	0
T	98	184	0	0	97	0	98	101	174	0	0
P	99	185	0	0	98	0	99	102	175	0	0
K	100	186	89	95	99	95	100	103	176	94	89
Y	101	187	90	96	100	96	101	104	177	95	90
K	102	188	91	97	101	97	102	105	178	96	91
F	103	189	92	98	102	98	103	106	179	97	92
V	104	190	0	0	103	0	104	107	0	0	0
R	105	191	93	99	104	99	105	108	0	98	93
I	106	192	94	100	105	100	106	109	0	99	94
Q	107	193	95	101	106	101	107	110	0	100	95
P	108	194	96	102	107	102	108	111	0	101	96
G	109	195	97	103	108	103	109	112	0	102	97
Q	110	196	98	104	109	104	110	113	0	103	98
T	111	197	99	105	110	105	111	114	0	104	99
F	112	198	100	106	111	106	112	115	180	105	100
S	113	199	101	107	112	107	113	116	181	106	101
V	114	200	102	108	113	108	114	117	182	107	102
L	115	201	103	109	114	109	115	118	183	108	103
A	116	202	104	110	115	110	116	119	184	109	104
C	117	203	105	111	116	111	117	120	0	110	105
Y	118	204	106	112	117	112	118	121	0	111	106
N	119	205	107	113	118	113	119	122	0	112	107
G	120	206	108	114	119	114	120	123	0	113	108
S	121	207	109	115	120	115	121	124	0	114	109
P	122	208	110	116	121	116	122	125	0	115	110
S	123	209	111	117	122	117	123	126	0	116	111
G	124	210	112	118	123	118	124	127	0	117	112
V	125	211	113	119	124	119	125	128	0	118	113
Y	126	212	114	120	125	120	126	129	0	119	114
Q	127	213	115	121	126	121	127	130	0	120	115
C	128	214	116	122	127	122	128	131	0	121	116
A	129	215	117	123	128	123	129	132	185	122	117
M	130	216	118	124	129	124	130	133	186	123	118
R	131	217	119	125	130	125	131	134	187	124	119
P	132	218	120	126	131	126	132	135	188	125	120
N	133	219	121	127	132	127	133	136	189	126	121
F	134	220	122	128	133	128	134	137	190	127	122
T	135	221	123	129	134	129	135	138	191	128	123
I	136	222	124	130	135	130	136	139	192	129	124
K	137	223	125	131	136	131	137	140	193	130	125
G	138	224	126	132	137	132	138	141	194	131	126
S	139	225	127	133	138	133	139	142	195	132	127
F	140	238	140	146	139	146	140	143	198	145	140
L	141	239	141	147	140	147	141	144	199	146	141
N	142	240	142	148	141	148	142	145	200	147	142
G	143	241	143	149	142	149	143	146	201	148	143
S	144	242	144	150	143	150	144	147	202	149	144
C	145	243	145	151	144	151	145	148	203	150	145
G	146	244	146	152	145	152	146	149	204	151	146
S	147	245	147	153	146	153	147	150	205	152	147
V	148	246	148	154	147	154	148	151	206	153	148
G	149	247	0	0	148	0	149	152	0	0	0
F	150	248	149	155	149	155	150	153	0	154	149
N	151	249	150	156	150	156	151	154	0	155	150
I	152	250	151	157	151	157	152	155	0	156	151
D	153	251	152	158	152	158	153	156	0	157	152
Y	154	252	153	159	153	159	154	157	0	158	153
D	155	253	154	160	154	160	155	158	0	159	154
C	156	254	155	161	155	161	156	159	0	160	155
V	157	255	156	162	156	162	157	160	0	161	156
S	158	256	157	163	157	163	158	161	0	162	157
F	159	257	158	164	158	164	159	162	0	163	158
C	160	258	159	165	159	165	160	163	0	164	159
Y	161	259	160	166	160	166	161	164	207	165	160
M	162	260	161	167	161	167	162	165	208	166	161
H	163	261	162	168	162	168	163	166	209	167	162
H	164	262	163	169	163	169	164	167	210	168	163
M	165	263	164	170	164	170	165	168	211	169	164
E	166	264	165	171	165	171	166	169	212	170	165
L	167	265	166	172	166	172	167	170	213	171	166
P	168	266	167	173	167	173	168	171	214	172	167
T	169	267	0	0	168	0	169	172	215	0	0
G	170	268	0	0	169	0	170	173	216	0	0
V	171	269	0	0	170	0	171	174	217	0	0
H	172	270	0	0	171	0	172	175	218	0	0
A	173	271	0	0	172	0	173	176	219	0	0
G	174	272	0	0	173	0	174	177	0	0	0
T	175	273	0	0	174	0	175	178	0	0	0
D	176	274	0	0	175	0	176	179	0	0	0
L	177	275	0	0	176	0	177	180	0	0	0
E	178	276	0	0	177	0	178	181	0	0	0
G	179	277	0	0	178	0	179	182	0	0	0
N	180	278	0	0	179	0	180	183	0	0	0
F	181	279	0	0	180	0	181	184	0	0	0
Y	182	280	0	0	181	0	182	185	0	0	0
G	183	281	0	0	182	0	183	186	0	0	0
P	184	282	0	0	183	0	184	187	0	0	0
F	185	283	168	174	184	174	185	188	220	173	168
V	186	284	169	175	185	175	186	189	221	174	169
D	187	285	170	176	186	176	187	190	222	175	170
R	188	286	171	177	187	177	188	191	223	176	171
Q	189	287	172	178	188	178	189	192	224	177	172
T	190	288	173	179	189	179	190	193	225	178	173
A	191	289	174	180	190	180	191	194	226	179	174
Q	192	290	175	181	191	181	192	195	227	180	175
A	193	291	176	182	192	182	193	196	228	181	176
A	194	292	177	183	193	183	194	197	229	182	177
G	195	293	0	0	194	0	195	198	230	0	0
T	196	294	178	184	195	184	196	199	231	183	178
D	197	295	179	185	196	185	197	200	232	184	179
T	198	296	180	186	197	186	198	201	233	185	180
T	199	297	181	187	198	187	199	202	234	186	181
I	200	298	182	188	199	188	200	203	235	187	182
T	201	299	183	189	200	189	201	204	236	188	183
V	202	300	184	190	201	190	202	205	0	189	184
N	203	301	185	191	202	191	203	206	0	190	185
V	204	302	186	192	203	192	204	207	0	191	186
L	205	303	187	193	204	193	205	208	0	192	187
A	206	304	188	194	205	194	206	209	0	193	188
W	207	305	189	195	206	195	207	210	0	194	189
L	208	306	190	196	207	196	208	211	0	195	190
Y	209	307	191	197	208	197	209	212	0	196	191
A	210	308	192	198	209	198	210	213	0	197	192
A	211	309	193	199	210	199	211	214	0	198	193
V	212	310	194	200	211	200	212	215	0	199	194
I	213	311	195	201	212	201	213	216	0	200	195
N	214	312	196	202	213	202	214	217	0	201	196
G	215	313	197	203	214	203	215	218	0	202	197
D	216	314	198	204	215	204	216	219	0	203	198
R	217	315	199	205	216	205	217	220	0	204	199
W	218	316	200	206	217	206	218	221	0	205	200
F	219	317	201	207	218	207	219	222	237	206	201
L	220	318	202	208	219	208	220	223	238	207	202
N	221	319	203	209	220	209	221	224	239	208	203
R	222	320	204	210	221	210	222	225	240	209	204
F	223	321	205	211	222	211	223	226	241	210	205
T	224	322	206	212	223	212	224	227	242	211	206
T	225	323	207	213	224	213	225	228	243	212	207
T	226	324	208	214	225	214	226	229	244	213	208
L	227	325	209	215	226	215	227	230	245	214	209
N	228	326	210	216	227	216	228	231	246	215	210
D	229	327	211	217	228	217	229	232	247	216	211
F	230	328	212	218	229	218	230	233	248	217	212
N	231	329	213	219	230	219	231	234	0	218	213
L	232	330	0	0	231	0	232	235	0	0	0
V	233	331	0	0	232	0	233	236	0	0	0
A	234	332	0	0	233	0	234	237	0	0	0
M	235	333	0	0	234	0	235	238	0	0	0
K	236	334	0	0	235	0	236	239	0	0	0
Y	237	335	0	0	236	0	237	240	0	0	0
N	238	336	0	0	237	0	238	241	0	0	0
Y	239	337	0	0	238	0	239	242	0	0	0
E	240	338	0	0	239	0	240	243	0	0	0
P	241	339	0	0	240	0	241	244	0	0	0
L	242	340	0	0	241	0	242	245	0	0	0
T	243	341	0	0	242	0	243	246	0	0	0
Q	244	342	0	0	243	0	244	247	0	0	0
D	245	343	0	0	244	0	245	248	0	0	0
H	246	344	0	0	245	0	246	249	0	0	0
V	247	345	0	0	246	0	247	250	0	0	0
D	248	346	0	0	0	0	0	0	0	0	0
I	249	347	0	0	0	0	0	0	0	0	0
L	250	348	0	0	247	0	248	251	249	0	0
G	251	349	0	0	248	0	249	252	250	0	0
P	252	350	0	0	249	0	250	253	251	0	0
L	253	351	0	0	250	0	251	254	252	0	0
S	254	352	0	0	251	0	252	255	253	0	0
A	255	353	0	0	252	0	253	256	254	0	0
Q	256	354	0	0	253	0	254	257	255	0	0
T	257	355	0	0	254	0	255	258	256	0	0
G	258	356	0	0	255	0	256	259	257	0	0
I	259	357	0	0	256	0	257	260	0	0	0
A	260	358	0	0	257	0	258	261	0	0	0
V	261	359	0	0	258	0	259	262	0	0	0
L	262	360	0	0	259	0	260	263	0	0	0
D	263	361	0	0	260	0	261	264	0	0	0
M	264	362	0	0	261	0	262	265	0	0	0
C	265	363	0	0	262	0	263	266	0	0	0
A	266	364	0	0	263	0	264	267	0	0	0
S	267	365	0	0	264	0	265	268	0	0	0
L	268	366	0	0	265	0	266	269	0	0	0
K	269	367	0	0	266	0	267	270	0	0	0
E	270	368	0	0	267	0	268	271	0	0	0
L	271	369	0	0	268	0	269	272	0	0	0
L	272	370	0	0	269	0	270	273	0	0	0
Q	273	371	0	0	270	0	271	274	0	0	0
N	274	372	0	0	0	0	0	0	0	0	0
G	275	373	214	220	271	220	272	275	258	219	214
M	276	374	215	221	272	221	273	276	259	220	215
N	277	375	216	222	273	222	274	277	260	221	216
G	278	376	217	223	274	223	275	278	261	222	217
R	279	377	218	224	275	224	276	279	262	223	218
T	280	378	219	225	276	225	277	280	263	224	219
I	281	379	220	226	277	226	278	281	264	225	220
L	282	381	221	227	278	227	279	282	266	226	221
G	283	382	222	228	279	228	280	283	267	227	222
S	284	383	223	229	280	229	281	284	268	228	223
A	285	384	224	230	281	230	282	285	269	229	224
L	286	385	225	231	282	231	283	286	270	230	225
L	287	386	226	232	283	232	284	287	271	231	226
E	288	387	227	233	284	233	285	288	272	232	227
D	289	388	228	234	285	234	286	289	273	233	228
E	290	389	229	235	286	235	287	290	274	234	229
F	291	390	230	236	287	236	288	291	275	235	230
T	292	391	231	237	288	237	289	292	276	236	231
P	293	392	0	0	289	0	290	293	277	0	0
F	294	393	0	0	290	0	291	294	278	0	0
D	295	394	0	238	291	238	292	295	279	237	0
V	296	395	232	239	292	239	293	296	280	238	232
V	297	396	233	240	293	240	294	297	281	239	233
R	298	397	234	241	294	241	295	298	282	240	234
Q	299	398	235	242	295	242	296	299	283	241	235
C	300	399	236	243	296	243	297	300	284	242	236
S	301	400	237	244	297	244	298	301	285	243	237
G	302	401	0	0	298	0	299	302	0	0	0
V	303	402	0	0	299	0	300	303	0	0	0
T	304	403	0	0	300	0	301	304	0	0	0
F	305	404	0	0	301	0	302	305	0	0	0
Q	306	405	0	0	302	0	303	306	0	0	0
