AA	NC_045512.2	Alignment	FJ647223.1	FJ647218.1	NC_028806.1	NC_002306.3
S	1	54	11	11	0	54
A	2	55	12	12	0	55
D	3	56	13	13	0	56
A	4	57	14	14	0	57
Q	5	58	15	15	0	58
S	6	59	16	16	1	59
F	7	60	17	17	2	60
L	8	61	18	18	3	61
N	9	62	19	19	4	62
R	10	63	20	20	5	63
V	11	64	21	21	6	64
C	12	65	22	22	7	65
G	13	66	23	23	8	66
V	14	67	24	24	9	67
S	15	68	25	25	10	68
A	16	69	26	26	11	69
A	17	71	28	28	12	70
R	18	72	29	29	13	71
L	19	73	30	30	14	72
T	20	74	31	31	15	73
P	21	75	32	32	16	74
C	22	94	33	33	17	93
G	23	95	34	34	0	0
T	24	96	35	35	18	94
G	25	97	36	36	19	95
T	26	98	37	37	20	96
S	27	139	38	38	21	137
T	28	140	39	39	22	138
D	29	141	40	40	23	139
V	30	142	41	41	24	140
V	31	143	42	42	25	141
Y	32	144	43	43	26	142
R	33	210	44	44	27	208
A	34	211	45	45	28	209
F	35	212	46	46	29	210
D	36	213	47	47	30	211
I	37	214	48	48	31	212
Y	38	215	49	49	32	213
N	39	216	50	50	33	214
D	40	217	51	51	34	215
K	41	247	52	52	35	245
V	42	248	53	53	36	246
A	43	249	54	54	37	247
G	44	250	55	55	38	248
F	45	251	56	56	39	249
A	46	252	57	57	40	250
K	47	253	58	58	41	251
F	48	254	59	59	42	252
L	49	257	60	60	43	255
K	50	258	61	61	44	256
T	51	259	62	62	45	257
N	52	260	63	63	46	258
C	53	261	64	64	47	259
C	54	262	65	65	48	260
R	55	263	66	66	49	261
F	56	264	67	67	50	262
Q	57	265	68	68	51	263
E	58	370	69	69	52	368
K	59	371	70	70	53	369
D	60	372	71	71	54	370
E	61	373	72	72	55	371
D	62	374	73	73	56	372
D	63	375	74	74	0	373
N	64	376	75	75	0	374
L	65	377	76	76	0	375
I	66	378	77	77	0	376
D	67	401	78	78	57	399
S	68	402	79	79	58	400
Y	69	403	80	80	59	401
F	70	404	81	81	60	402
V	71	405	82	82	61	403
V	72	406	83	83	62	404
K	73	414	84	84	63	412
R	74	415	85	85	64	413
H	75	416	86	86	65	414
T	76	417	87	87	66	415
F	77	418	88	88	67	416
S	78	419	89	89	68	417
N	79	420	90	90	69	418
Y	80	421	91	91	70	419
Q	81	422	92	92	71	420
H	82	561	93	93	72	559
E	83	562	94	94	73	560
E	84	563	95	95	74	561
T	85	564	96	96	75	562
I	86	565	97	97	76	563
Y	87	566	98	98	77	564
N	88	567	99	99	78	565
L	89	568	100	100	79	566
L	90	569	101	101	80	567
K	91	570	102	102	81	568
D	92	571	103	103	82	569
C	93	572	104	104	83	570
P	94	573	105	105	84	571
A	95	574	106	106	85	572
V	96	575	107	107	86	573
A	97	576	108	108	87	574
K	98	577	109	109	88	575
H	99	578	110	110	89	576
D	100	579	111	111	90	577
F	101	580	112	112	91	578
F	102	581	113	113	92	579
K	103	610	114	114	93	608
F	104	611	115	115	94	609
R	105	612	116	116	95	610
I	106	613	117	117	96	611
D	107	614	118	118	97	612
G	108	615	119	119	98	613
D	109	616	120	120	99	614
M	110	617	121	121	100	615
V	111	618	122	122	101	616
P	112	619	123	123	102	617
H	113	620	124	124	103	618
I	114	621	125	125	104	619
S	115	622	126	126	105	620
R	116	623	127	127	106	621
Q	117	624	128	128	107	622
R	118	625	129	129	108	623
L	119	653	130	130	109	651
T	120	654	131	131	110	652
K	121	655	132	132	111	653
Y	122	656	133	133	112	654
T	123	657	134	134	113	655
M	124	658	135	135	114	656
A	125	748	136	136	115	746
D	126	749	137	137	116	747
L	127	750	138	138	117	748
V	128	751	139	139	118	749
Y	129	752	140	140	119	750
A	130	753	141	141	120	751
L	131	754	142	142	121	752
R	132	755	143	143	122	753
H	133	756	144	144	123	754
F	134	757	145	145	124	755
D	135	758	146	146	125	756
E	136	759	147	147	126	757
G	137	760	148	148	127	758
N	138	761	149	149	128	759
C	139	766	150	150	129	764
D	140	767	151	151	130	765
T	141	768	152	152	131	766
L	142	769	153	153	132	767
K	143	771	154	154	133	769
E	144	772	155	155	134	770
I	145	773	156	156	135	771
L	146	774	157	157	136	772
V	147	775	158	158	137	773
T	148	782	159	159	138	780
Y	149	783	160	160	139	781
N	150	784	161	161	140	782
C	151	785	162	162	141	783
C	152	786	163	163	142	784
D	153	787	164	164	143	785
D	154	788	165	165	144	786
D	155	789	166	166	145	787
Y	156	790	167	167	146	788
F	157	791	168	168	147	789
N	158	792	169	169	148	790
K	159	793	170	170	149	791
K	160	794	171	171	150	792
D	161	826	172	172	151	824
W	162	827	173	173	152	825
Y	163	828	174	174	153	826
D	164	829	175	175	154	827
F	165	830	176	176	155	828
V	166	831	177	177	156	829
E	167	843	178	178	157	841
N	168	844	179	179	158	842
P	169	845	180	180	159	843
D	170	846	181	181	160	844
I	171	847	182	182	161	845
L	172	848	183	183	162	846
R	173	874	184	184	163	872
V	174	875	185	185	164	873
Y	175	876	186	186	165	874
A	176	877	187	187	166	875
N	177	878	188	188	167	876
L	178	879	189	189	168	877
G	179	880	190	190	169	878
E	180	912	191	191	170	910
R	181	913	192	192	171	911
V	182	914	193	193	172	912
R	183	915	194	194	173	913
Q	184	916	195	195	174	914
A	185	917	196	196	175	915
L	186	918	197	197	176	916
L	187	919	198	198	177	917
K	188	920	199	199	178	918
T	189	921	200	200	179	919
V	190	922	201	201	180	920
Q	191	935	202	202	181	933
F	192	936	203	203	182	934
C	193	937	204	204	183	935
D	194	938	205	205	184	936
A	195	939	206	206	185	937
M	196	940	207	207	186	938
R	197	941	208	208	187	939
N	198	942	209	209	188	940
A	199	943	210	210	189	941
G	200	960	211	211	190	958
I	201	961	212	212	191	959
V	202	962	213	213	192	960
G	203	977	214	214	193	975
V	204	978	215	215	194	976
L	205	1004	216	216	195	1002
T	206	1005	217	217	196	1003
L	207	1006	218	218	197	1004
D	208	1007	219	219	198	1005
N	209	1008	220	220	199	1006
Q	210	1009	221	221	200	1007
D	211	1010	222	222	201	1008
L	212	1106	223	223	202	1104
N	213	1107	224	224	203	1105
G	214	1108	225	225	204	1106
N	215	1129	226	226	205	1127
W	216	1130	227	227	206	1128
Y	217	1131	228	228	207	1129
D	218	1132	229	229	208	1130
F	219	1133	230	230	209	1131
G	220	1166	231	231	210	1164
D	221	1167	232	232	211	1165
F	222	1203	233	233	212	1201
I	223	1204	234	234	213	1202
Q	224	1205	235	235	214	1203
T	225	1206	236	236	215	1204
T	226	1207	237	237	216	1205
P	227	1208	238	238	217	1206
G	228	1234	239	239	218	1232
S	229	1235	240	240	219	1233
G	230	1236	241	241	220	1234
V	231	1237	242	242	221	1235
P	232	1238	243	243	222	1236
V	233	1239	244	244	223	1237
V	234	1240	245	245	224	1238
D	235	1241	246	246	225	1239
S	236	1293	247	247	226	1291
Y	237	1294	248	248	227	1292
Y	238	1295	249	249	228	1293
S	239	1296	250	250	229	1294
L	240	1334	251	251	230	1332
L	241	1335	252	252	231	1333
M	242	1336	253	253	232	1334
P	243	1337	254	254	233	1335
I	244	1338	255	255	234	1336
L	245	1339	256	256	235	1337
T	246	1340	257	257	236	1338
L	247	1354	258	258	237	1352
T	248	1355	259	259	238	1353
R	249	1356	260	260	239	1354
A	250	1357	261	261	240	1355
L	251	1358	262	262	241	1356
T	252	1359	263	263	242	1357
A	253	1360	264	264	243	1358
E	254	1361	265	265	244	1359
S	255	1362	266	266	245	1360
H	256	1363	267	267	246	1361
V	257	1364	268	268	247	1362
D	258	1365	269	269	248	1363
T	259	1366	270	270	249	1364
D	260	1382	0	0	250	1380
L	261	1383	0	0	251	1381
T	262	1393	0	0	253	1391
K	263	1394	0	0	254	1392
P	264	1395	271	271	255	1393
Y	265	1396	272	272	256	1394
I	266	1397	273	273	257	1395
K	267	1398	274	274	258	1396
W	268	1479	275	275	259	1477
D	269	1480	276	276	260	1478
L	270	1481	277	277	261	1479
L	271	1482	278	278	262	1480
K	272	1483	279	279	263	1481
Y	273	1484	280	280	264	1482
D	274	1485	281	281	265	1483
F	275	1486	282	282	266	1484
T	276	1487	283	283	267	1485
E	277	1488	284	284	268	1486
E	278	1489	285	285	269	1487
R	279	1490	286	286	270	1488
L	280	1491	287	287	271	1489
K	281	1492	288	288	272	1490
L	282	1493	289	289	273	1491
F	283	1494	290	290	274	1492
D	284	1495	291	291	275	1493
R	285	1496	292	292	276	1494
Y	286	1497	293	293	277	1495
F	287	1498	294	294	278	1496
K	288	1499	295	295	279	1497
Y	289	1560	296	296	280	1558
W	290	1561	297	297	281	1559
D	291	1562	298	298	282	1560
Q	292	1563	299	299	283	1561
T	293	1564	300	300	284	1562
Y	294	1565	301	301	285	1563
H	295	1676	302	302	286	1674
P	296	1677	303	303	287	1675
N	297	1678	304	304	288	1676
C	298	1679	305	305	289	1677
V	299	1680	306	306	290	1678
N	300	1681	307	307	291	1679
C	301	1701	308	308	292	1699
L	302	1702	309	309	293	1700
D	303	1703	310	310	294	1701
D	304	1704	311	311	295	1702
R	305	1705	312	312	296	1703
C	306	1706	313	313	297	1704
I	307	1707	314	314	298	1705
L	308	1708	315	315	299	1706
H	309	1709	316	316	300	1707
C	310	1710	317	317	301	1708
A	311	1711	318	318	302	1709
N	312	1712	319	319	303	1710
F	313	1713	320	320	304	1711
N	314	1714	321	321	305	1712
V	315	1715	322	322	306	1713
L	316	1720	323	323	307	1718
F	317	1721	324	324	308	1719
S	318	1722	325	325	309	1720
T	319	1723	326	326	310	1721
V	320	1724	327	327	311	1722
F	321	1725	328	328	312	1723
P	322	1726	329	329	313	1724
P	323	1727	330	330	314	1725
T	324	1728	331	331	315	1726
S	325	1729	332	332	316	1727
F	326	1730	333	333	317	1728
G	327	1731	334	334	318	1729
P	328	1732	335	335	319	1730
L	329	1733	336	336	320	1731
V	330	1734	337	337	321	1732
R	331	1735	338	338	322	1733
K	332	1736	339	339	323	1734
I	333	1737	340	340	324	1735
F	334	1738	341	341	325	0
V	335	1739	342	342	326	1736
D	336	1740	343	343	327	1737
G	337	1741	344	344	328	1738
V	338	1742	345	345	329	1739
P	339	1743	346	346	330	1740
F	340	1744	347	347	331	1741
V	341	1745	348	348	332	1742
V	342	1746	349	349	333	1743
S	343	1747	350	350	334	1744
T	344	1748	351	351	335	1745
G	345	1749	352	352	336	1746
Y	346	1758	353	353	337	1755
H	347	1759	354	354	338	1756
F	348	1760	355	355	339	1757
R	349	1761	356	356	340	1758
E	350	1762	357	357	341	1759
L	351	1763	358	358	342	1760
G	352	1764	359	359	343	1761
V	353	1765	360	360	344	1762
V	354	1766	361	361	345	1763
H	355	1767	362	362	346	1764
N	356	1768	363	363	347	1765
Q	357	1769	364	364	348	1766
D	358	1770	365	365	349	1767
V	359	1771	366	366	350	1768
N	360	1772	367	367	351	1769
L	361	1773	368	368	352	1770
H	362	1774	369	369	353	1771
S	363	1775	370	370	354	1772
S	364	1776	371	371	355	1773
R	365	1777	372	372	356	1774
L	366	1778	373	373	357	1775
S	367	1779	374	374	358	1776
F	368	1780	375	375	359	1777
K	369	1781	376	376	360	1778
E	370	1782	377	377	361	1779
L	371	1783	378	378	362	1780
L	372	1784	379	379	363	1781
V	373	1785	380	380	364	1782
Y	374	1786	381	381	365	1783
A	375	1787	382	382	366	1784
A	376	1788	383	383	367	1785
D	377	1789	384	384	368	1786
P	378	1801	385	385	369	1798
A	379	1802	386	386	370	1799
M	380	1803	387	387	371	1800
H	381	1804	388	388	372	1801
A	382	1805	389	389	373	1802
A	383	1806	390	390	374	1803
S	384	1807	391	391	375	1804
G	385	1808	392	392	376	1805
N	386	1809	393	393	377	1806
L	387	1810	394	394	378	1807
L	388	1811	395	395	379	1808
L	389	1812	396	396	380	1809
D	390	1813	397	397	381	1810
K	391	1814	398	398	382	1811
R	392	1815	399	399	383	1812
T	393	1816	400	400	384	1813
T	394	1817	401	401	385	1814
C	395	1818	402	402	386	1815
F	396	1819	403	403	387	1816
S	397	1820	404	404	388	1817
V	398	1835	405	405	389	1832
A	399	1836	406	406	390	1833
A	400	1837	407	407	391	1834
L	401	1838	408	408	392	1835
T	402	1839	409	409	393	1836
N	403	1840	410	410	394	1837
N	404	1841	411	411	395	1838
V	405	1842	412	412	396	1839
A	406	1843	413	413	397	1840
F	407	1844	414	414	398	1841
Q	408	1845	415	415	399	1842
T	409	1890	416	416	400	1887
V	410	1891	417	417	401	1888
K	411	1892	418	418	402	1889
P	412	1893	419	419	403	1890
G	413	1894	420	420	404	1891
N	414	1895	421	421	405	1892
F	415	1896	422	422	406	1893
N	416	1897	423	423	407	1894
K	417	1898	424	424	408	1895
D	418	1899	425	425	409	1896
F	419	1935	426	426	410	1932
Y	420	1936	427	427	411	1933
D	421	1937	428	428	412	1934
F	422	1938	429	429	413	1935
A	423	1939	430	430	414	1936
V	424	1957	431	431	415	1954
S	425	1958	432	432	416	1955
K	426	1959	433	433	417	1956
G	427	1960	434	434	418	1957
F	428	1961	435	435	419	1958
F	429	1962	436	436	420	1959
K	430	1963	437	437	421	1960
E	431	1964	438	438	422	1961
G	432	1968	439	439	423	1965
S	433	1969	440	440	424	1966
S	434	1970	441	441	425	1967
V	435	2005	442	442	426	2002
E	436	2006	443	443	427	2003
L	437	2007	444	444	428	2004
K	438	2008	445	445	429	2005
H	439	2009	446	446	430	2006
F	440	2010	447	447	431	2007
F	441	2011	448	448	432	2008
F	442	2012	449	449	433	2009
A	443	2030	450	450	434	2027
Q	444	2031	451	451	435	2028
D	445	2032	452	452	436	2029
G	446	2033	453	453	437	2030
N	447	2034	454	454	438	2031
A	448	2035	455	455	439	2032
A	449	2036	456	456	440	2033
I	450	2037	457	457	441	2034
S	451	2038	458	458	442	2035
D	452	2039	459	459	443	2036
Y	453	2040	460	460	444	2037
D	454	2041	461	461	445	2038
Y	455	2042	462	462	446	2039
Y	456	2043	463	463	447	2040
R	457	2044	464	464	448	2041
Y	458	2045	465	465	449	2042
N	459	2050	466	466	450	2047
L	460	2051	467	467	451	2048
P	461	2052	468	468	452	2049
T	462	2053	469	469	453	2050
M	463	2054	470	470	454	2051
C	464	2055	471	471	455	2052
D	465	2056	472	472	456	2053
I	466	2057	473	473	457	2054
R	467	2058	474	474	458	2055
Q	468	2059	475	475	459	2056
L	469	2060	476	476	460	2057
L	470	2061	477	477	461	2058
F	471	2062	478	478	462	2059
V	472	2063	479	479	463	2060
V	473	2064	480	480	464	2061
E	474	2065	481	481	465	2062
V	475	2066	482	482	466	2063
V	476	2067	483	483	467	2064
D	477	2068	484	484	468	2065
K	478	2069	485	485	469	2066
Y	479	2078	486	486	470	2075
F	480	2079	487	487	471	2076
D	481	2080	488	488	472	2077
C	482	2081	489	489	473	2078
Y	483	2082	490	490	474	2079
D	484	2083	491	491	475	2080
G	485	2084	492	492	476	2081
G	486	2085	493	493	477	2082
C	487	2086	494	494	478	2083
I	488	2087	495	495	479	2084
N	489	2088	496	496	480	2085
A	490	2089	497	497	481	2086
N	491	2090	498	498	482	2087
Q	492	2101	499	499	483	2098
V	493	2102	500	500	484	2099
I	494	2103	501	501	485	2100
V	495	2104	502	502	486	2101
N	496	2105	503	503	487	2102
N	497	2106	504	504	488	2103
L	498	2107	505	505	489	2104
D	499	2108	506	506	490	2105
K	500	2109	507	507	491	2106
S	501	2110	508	508	492	2107
A	502	2111	509	509	493	2108
G	503	2112	510	510	494	2109
F	504	2113	511	511	495	2110
P	505	2114	512	512	496	2111
F	506	2115	513	513	497	2112
N	507	2116	514	514	498	2113
K	508	2117	515	515	499	2114
W	509	2118	516	516	500	2115
G	510	2119	517	517	501	2116
K	511	2120	518	518	502	2117
A	512	2121	519	519	503	2118
R	513	2163	520	520	504	2160
L	514	2164	521	521	505	2161
Y	515	2165	522	522	506	2162
Y	516	2166	523	523	507	2163
D	517	2167	524	524	508	2164
S	518	2168	525	525	509	2165
M	519	2169	526	526	510	2166
S	520	2170	527	527	511	2167
Y	521	2171	528	528	512	2168
E	522	2172	529	529	513	2169
D	523	2173	530	530	514	2170
Q	524	2174	531	531	515	2171
D	525	2175	532	532	516	2172
A	526	2176	533	533	517	2173
L	527	2177	534	534	518	2174
F	528	2178	535	535	519	2175
A	529	2197	536	536	520	2194
Y	530	2198	537	537	521	2195
T	531	2199	538	538	522	2196
K	532	2200	539	539	523	2197
R	533	2201	540	540	524	2198
N	534	2202	541	541	525	2199
V	535	2203	542	542	526	2200
I	536	2204	543	543	527	2201
P	537	2205	544	544	528	2202
T	538	2206	545	545	529	2203
I	539	2207	546	546	530	2204
T	540	2208	547	547	531	2205
Q	541	2209	548	548	532	2206
M	542	2210	549	549	533	2207
N	543	2211	550	550	534	2208
L	544	2214	551	551	535	2211
K	545	2215	552	552	536	2212
Y	546	2216	553	553	537	2213
A	547	2217	554	554	538	2214
I	548	2218	555	555	539	2215
S	549	2219	556	556	540	2216
A	550	2220	557	557	541	2217
K	551	2221	558	558	542	2218
N	552	2222	559	559	543	2219
R	553	2223	560	560	544	2220
A	554	2224	561	561	545	2221
R	555	2227	562	562	546	2224
T	556	2228	563	563	547	2225
V	557	2229	564	564	548	2226
A	558	2330	565	565	549	2327
G	559	2331	566	566	550	2328
V	560	2332	567	567	551	2329
S	561	2333	568	568	552	2330
I	562	2334	569	569	553	2331
C	563	2335	570	570	554	2332
S	564	2336	571	571	555	2333
T	565	2337	572	572	556	2334
M	566	2338	573	573	557	2335
T	567	2339	574	574	558	2336
N	568	2340	575	575	559	2337
R	569	2341	576	576	560	2338
Q	570	2342	577	577	561	2339
F	571	2343	578	578	562	2340
H	572	2344	579	579	563	2341
Q	573	2345	580	580	564	2342
K	574	2346	581	581	565	2343
L	575	2347	582	582	566	2344
L	576	2348	583	583	567	2345
K	577	2349	584	584	568	2346
S	578	2350	585	585	569	2347
I	579	2352	586	586	570	2349
A	580	2353	587	587	571	2350
A	581	2354	588	588	572	2351
T	582	2355	589	589	573	2352
R	583	2356	590	590	574	2353
G	584	2357	591	591	575	2354
A	585	2358	592	592	576	2355
T	586	2359	593	593	577	2356
V	587	2360	594	594	578	2357
V	588	2361	595	595	579	2358
I	589	2396	596	596	580	2393
G	590	2397	597	597	581	2394
T	591	2412	598	598	582	2409
S	592	2413	599	599	583	2410
K	593	2414	600	600	584	2411
F	594	2415	601	601	585	2412
Y	595	2416	602	602	586	2413
G	596	2417	603	603	587	2414
G	597	2418	604	604	588	2415
W	598	2419	605	605	589	2416
H	599	2420	606	606	590	2417
N	600	2421	607	607	591	2418
M	601	2422	608	608	592	2419
L	602	2423	609	609	593	2420
K	603	2424	610	610	594	2421
T	604	2425	611	611	595	2422
V	605	2426	612	612	596	2423
Y	606	2427	613	613	597	2424
S	607	2428	614	614	598	2425
D	608	2429	615	615	599	2426
V	609	2430	616	616	600	2427
E	610	2431	617	617	601	2428
N	611	2432	618	618	602	2429
P	612	2433	619	619	603	2430
H	613	2434	620	620	604	2431
L	614	2435	621	621	605	2432
M	615	2436	622	622	606	2433
G	616	2459	623	623	607	2456
W	617	2460	624	624	608	2457
D	618	2461	625	625	609	2458
Y	619	2462	626	626	610	2459
P	620	2499	627	627	611	2496
K	621	2500	628	628	612	2497
C	622	2501	629	629	613	2498
D	623	2502	630	630	614	2499
R	624	2503	631	631	615	2500
A	625	2504	632	632	616	2501
M	626	2505	633	633	617	2502
P	627	2506	634	634	618	2503
N	628	2507	635	635	619	2504
M	629	2508	636	636	620	2505
L	630	2509	637	637	621	2506
R	631	2510	638	638	622	2507
I	632	2511	639	639	623	2508
M	633	2512	640	640	624	2509
A	634	2533	641	641	625	2530
S	635	2534	642	642	626	2531
L	636	2535	643	643	627	2532
V	637	2536	644	644	628	2533
L	638	2537	645	645	629	2534
A	639	2538	646	646	630	2535
R	640	2539	647	647	631	2536
K	641	2540	648	648	632	2537
H	642	2569	649	649	633	2566
T	643	2570	650	650	634	2567
T	644	2571	651	651	635	2568
C	645	2572	652	652	636	2569
C	646	2573	653	653	637	2570
S	647	2574	654	654	638	2571
L	648	2575	655	655	639	2572
S	649	2576	656	656	640	2573
H	650	2603	657	657	641	2600
R	651	2604	658	658	642	2601
F	652	2605	659	659	643	2602
Y	653	2606	660	660	644	2603
R	654	2607	661	661	645	2604
L	655	2608	662	662	646	2605
A	656	2609	663	663	647	2606
N	657	2610	664	664	648	2607
E	658	2611	665	665	649	2608
C	659	2612	666	666	650	2609
A	660	2613	667	667	651	2610
Q	661	2614	668	668	652	2611
V	662	2615	669	669	653	2612
L	663	2616	670	670	654	2613
S	664	2617	671	671	655	2614
E	665	2618	672	672	656	2615
M	666	2619	673	673	657	2616
V	667	2620	674	674	658	2617
M	668	2621	675	675	659	2618
C	669	2622	676	676	660	2619
G	670	2623	677	677	661	2620
G	671	2624	678	678	662	2621
S	672	2625	679	679	663	2622
L	673	2626	680	680	664	2623
Y	674	2627	681	681	665	2624
V	675	2628	682	682	666	2625
K	676	2629	683	683	667	2626
P	677	2630	684	684	668	2627
G	678	2631	685	685	669	2628
G	679	2632	686	686	670	2629
T	680	2633	687	687	671	2630
S	681	2634	688	688	672	2631
S	682	2637	689	689	673	2634
G	683	2639	690	690	674	2636
D	684	2640	691	691	675	2637
A	685	2641	692	692	676	2638
T	686	2642	693	693	677	2639
T	687	2643	694	694	678	2640
A	688	2644	695	695	679	2641
Y	689	2645	696	696	680	2642
A	690	2646	697	697	681	2643
N	691	2647	698	698	682	2644
S	692	2648	699	699	683	2645
V	693	2649	700	700	684	2646
F	694	2650	701	701	685	2647
N	695	2678	702	702	686	2675
I	696	2679	703	703	687	2676
C	697	2680	704	704	688	2677
Q	698	2681	705	705	689	2678
A	699	2682	706	706	690	2679
V	700	2683	707	707	691	2680
T	701	2684	708	708	692	2681
A	702	2685	709	709	693	2682
N	703	2686	710	710	694	2683
V	704	2687	711	711	695	2684
N	705	2688	712	712	696	0
A	706	2689	713	713	697	2685
L	707	2690	714	714	698	2686
L	708	2691	715	715	699	2687
S	709	2692	716	716	700	2688
T	710	2693	717	717	701	2689
D	711	2694	718	718	702	2690
G	712	2695	719	719	703	2691
N	713	2696	720	720	704	2692
K	714	2697	721	721	705	2693
I	715	2698	722	722	706	2694
A	716	2699	723	723	707	2695
D	717	2700	724	724	708	2696
K	718	2701	725	725	709	2697
Y	719	2702	726	726	710	2698
V	720	2703	727	727	711	2699
R	721	2704	728	728	712	2700
N	722	2705	729	729	713	2701
L	723	2706	730	730	714	2702
Q	724	2746	731	731	715	2742
H	725	2747	732	732	716	2743
R	726	2748	733	733	717	2744
L	727	2749	734	734	718	2745
Y	728	2750	735	735	719	2746
E	729	2751	736	736	720	2747
C	730	2752	737	737	721	2748
L	731	2753	738	738	722	2749
Y	732	2754	739	739	723	2750
R	733	2755	740	740	724	2751
N	734	2768	741	741	725	2764
R	735	2769	742	742	726	2765
D	736	2770	743	743	727	2766
V	737	2771	744	744	728	2767
D	738	2772	745	745	729	2768
T	739	2773	746	746	730	2769
D	740	2774	747	747	731	2770
F	741	2775	748	748	732	2771
V	742	2776	749	749	733	2772
N	743	2777	750	750	734	2773
E	744	2778	751	751	735	2774
F	745	2779	752	752	736	2775
Y	746	2797	753	753	737	2793
A	747	2798	754	754	738	2794
Y	748	2799	755	755	739	2795
L	749	2800	756	756	740	2796
R	750	2801	757	757	741	2797
K	751	2802	758	758	742	2798
H	752	2803	759	759	743	2799
F	753	2804	760	760	744	2800
S	754	2805	761	761	745	2801
M	755	2806	762	762	746	2802
M	756	2807	763	763	747	2803
I	757	2808	764	764	748	2804
L	758	2809	765	765	749	2805
S	759	2810	766	766	750	2806
D	760	2811	767	767	751	2807
D	761	2816	768	768	752	2812
A	762	2817	769	769	753	2813
V	763	2818	770	770	754	2814
V	764	2819	771	771	755	2815
C	765	2820	772	772	756	2816
F	766	2821	773	773	757	2817
N	767	2822	774	774	758	2818
S	768	2823	775	775	759	2819
T	769	2824	776	776	760	2820
Y	770	2825	777	777	761	2821
A	771	2826	778	778	762	2822
S	772	2827	779	779	763	2823
Q	773	2828	780	780	764	2824
G	774	2829	781	781	765	2825
L	775	2830	782	782	766	2826
V	776	2831	783	783	767	2827
A	777	2832	784	784	768	2828
S	778	2833	785	785	769	2829
I	779	2834	786	786	770	2830
K	780	2835	787	787	771	2831
N	781	2836	788	788	772	2832
F	782	2837	789	789	773	2833
K	783	2838	790	790	774	2834
S	784	2839	791	791	775	2835
V	785	2840	792	792	776	2836
L	786	2841	793	793	777	2837
Y	787	2861	794	794	778	2857
Y	788	2862	795	795	779	2858
Q	789	2863	796	796	780	2859
N	790	2864	797	797	781	2860
N	791	2865	798	798	782	2861
V	792	2866	799	799	783	0
F	793	2867	800	800	784	0
M	794	2868	801	801	785	2862
S	795	2869	802	802	786	2863
E	796	2870	803	803	787	2864
A	797	2871	804	804	788	2865
K	798	2876	805	805	789	2870
C	799	2877	806	806	790	2871
W	800	2878	807	807	791	2872
T	801	2879	808	808	792	2873
E	802	2892	809	809	793	2886
T	803	2893	810	810	794	2887
D	804	2894	811	811	795	2888
L	805	2895	812	812	796	2889
T	806	2896	813	813	797	2890
K	807	2897	814	814	798	2891
G	808	2898	815	815	799	2892
P	809	2899	816	816	800	2893
H	810	2900	817	817	801	2894
E	811	2901	818	818	802	2895
F	812	2902	819	819	803	2896
C	813	2903	820	820	804	2897
S	814	2904	821	821	805	2898
Q	815	2905	822	822	806	2899
H	816	2906	823	823	807	2900
T	817	2907	824	824	808	2901
M	818	2908	825	825	809	2902
L	819	2926	826	826	811	2920
V	820	2927	827	827	812	2921
K	821	2928	828	828	813	2922
Q	822	2929	829	829	814	2923
G	823	2930	830	830	815	2924
D	824	2942	831	831	816	2936
D	825	2943	832	832	817	2937
Y	826	2944	833	833	818	2938
V	827	2945	834	834	0	2939
Y	828	2946	835	835	819	2940
L	829	2947	836	836	820	2941
P	830	2948	837	837	821	2942
Y	831	2952	838	838	822	2946
P	832	2954	839	839	823	2948
D	833	2955	840	840	824	2949
P	834	2956	841	841	825	2950
S	835	2957	842	842	826	2951
R	836	2958	843	843	827	2952
I	837	2959	844	844	828	2953
L	838	2960	845	845	829	2954
G	839	2961	846	846	830	2955
A	840	3045	847	847	831	3039
G	841	3046	848	848	832	3040
C	842	3047	849	849	833	3041
F	843	3048	850	850	834	3042
V	844	3049	851	851	835	3043
D	845	3104	852	852	836	3098
D	846	3105	853	853	837	3099
I	847	3106	854	854	838	3100
V	848	3107	855	855	839	3101
K	849	3108	856	856	840	3102
T	850	3109	857	857	841	3103
D	851	3110	858	858	842	3104
G	852	3111	859	859	843	3105
T	853	3112	860	860	844	3106
L	854	3113	861	861	845	3107
M	855	3114	862	862	846	3108
I	856	3115	863	863	847	3109
E	857	3124	864	864	848	3118
R	858	3125	865	865	849	3119
F	859	3126	866	866	850	3120
V	860	3131	867	867	851	3125
S	861	3132	868	868	852	3126
L	862	3133	869	869	853	3127
A	863	3134	870	870	854	3128
I	864	3135	871	871	855	3129
D	865	3136	872	872	856	3130
A	866	3137	873	873	857	3131
Y	867	3138	874	874	858	3132
P	868	3139	875	875	859	3133
L	869	3140	876	876	860	3134
T	870	3141	877	877	861	3135
K	871	3142	878	878	862	3136
H	872	3143	879	879	863	3137
P	873	3144	880	880	864	3138
N	874	3145	881	881	865	3139
Q	875	3146	882	882	866	3140
E	876	3147	883	883	867	3141
Y	877	3148	884	884	868	3142
A	878	3149	885	885	869	3143
D	879	3154	886	886	870	3148
V	880	3155	887	887	871	3149
F	881	3156	888	888	872	3150
H	882	3157	889	889	873	3151
L	883	3158	890	890	874	3152
Y	884	3170	891	891	875	3164
L	885	3171	892	892	876	3165
Q	886	3172	893	893	877	3166
Y	887	3173	894	894	878	3167
I	888	3174	895	895	879	3168
R	889	3175	896	896	880	3169
K	890	3176	897	897	881	3170
L	891	3177	898	898	882	3171
H	892	3178	899	899	883	3172
D	893	3179	900	900	884	3173
E	894	3180	901	901	885	3174
L	895	3181	902	902	886	3175
T	896	3182	903	903	887	3176
G	897	3183	904	904	888	3177
H	898	3184	905	905	889	3178
M	899	3185	906	906	890	3179
L	900	3186	907	907	891	3180
D	901	3187	908	908	892	3181
M	902	3188	909	909	893	3182
Y	903	3189	910	910	894	3183
S	904	3261	911	911	895	3255
V	905	3262	912	912	896	3256
M	906	3263	913	913	897	3257
L	907	3264	914	914	898	3258
T	908	3265	915	915	899	3259
N	909	3266	916	916	900	3260
D	910	3267	917	917	901	3261
N	911	3268	918	918	902	3262
T	912	3269	919	919	903	3263
S	913	3270	920	920	904	3264
R	914	3271	921	921	905	3265
Y	915	3272	922	922	906	3266
W	916	3293	923	923	907	3287
E	917	3294	924	924	908	3288
P	918	3295	925	925	909	3289
E	919	3296	926	926	910	3290
F	920	3297	927	927	911	3291
Y	921	3298	928	928	912	3292
E	922	3299	929	929	913	3293
A	923	3300	930	930	914	3294
M	924	3301	931	931	915	3295
Y	925	3353	932	932	916	3347
T	926	3354	933	933	917	3348
P	927	3355	934	934	918	3349
H	928	3356	935	935	919	3350
T	929	3357	936	936	920	3351
V	930	3358	937	937	921	3352
L	931	3359	938	938	922	3353
Q	932	3360	939	939	923	3354
A	933	3361	940	940	924	3355
V	934	3362	941	941	925	3356
G	935	3363	942	942	926	3357
A	936	3364	943	943	927	3358
C	937	3377	944	944	928	3371
V	938	3378	945	945	929	3372
L	939	3379	946	946	930	3373
C	940	3424	947	947	931	3418
N	941	3425	948	948	932	3419
S	942	3426	949	949	933	3420
Q	943	3427	950	950	934	3421
T	944	3428	951	951	935	3422
S	945	3429	952	952	936	3423
L	946	3430	953	953	937	3424
R	947	3431	954	954	938	3425
C	948	3432	955	955	939	3426
G	949	3433	956	956	940	3427
A	950	3434	957	957	941	3428
C	951	3435	958	958	942	0
I	952	3436	959	959	943	0
R	953	3437	960	960	944	0
R	954	3438	961	961	945	0
P	955	3439	962	962	946	0
F	956	3440	963	963	947	3429
L	957	3441	964	964	948	3430
C	958	3442	965	965	949	3431
C	959	3443	966	966	950	3432
K	960	3483	967	967	951	3472
C	961	3484	968	968	952	3473
C	962	3485	969	969	953	3474
Y	963	3486	970	970	954	3475
D	964	3487	971	971	955	3476
H	965	3531	972	972	956	3520
V	966	3532	973	973	957	3521
I	967	3533	974	974	958	3522
S	968	3534	975	975	959	3523
T	969	3535	976	976	960	3524
S	970	3536	977	977	961	3525
H	971	3560	978	978	962	3549
K	972	3561	979	979	963	3550
L	973	3562	980	980	964	3551
V	974	3563	981	981	965	3552
L	975	3564	982	982	966	3553
S	976	3565	983	983	967	3554
V	977	3566	984	984	968	3555
N	978	3567	985	985	969	3556
P	979	3568	986	986	970	3557
Y	980	3569	987	987	971	3558
V	981	3570	988	988	972	3559
C	982	3571	989	989	973	3560
N	983	3572	990	990	974	3561
A	984	3573	991	991	975	3562
P	985	3574	992	992	976	3563
G	986	3575	993	993	977	3564
C	987	3576	994	994	978	3565
D	988	3577	995	995	979	3566
V	989	3578	996	996	980	3567
T	990	3621	997	997	981	3610
D	991	3622	998	998	982	3611
V	992	3623	999	999	983	3612
T	993	3624	1000	1000	984	3613
Q	994	3625	1001	1001	985	3614
L	995	3626	1002	1002	986	3615
Y	996	3627	1003	1003	987	3616
L	997	3628	1004	1004	988	3617
G	998	3629	1005	1005	989	3618
G	999	3630	1006	1006	990	3619
M	1000	3631	1007	1007	991	3620
S	1001	3632	1008	1008	992	3621
Y	1002	3633	1009	1009	993	3622
Y	1003	3634	1010	1010	994	3623
C	1004	3635	1011	1011	995	3624
K	1005	3636	1012	1012	996	3625
S	1006	3637	1013	1013	997	3626
H	1007	3638	1014	1014	998	3627
K	1008	3639	1015	1015	999	3628
P	1009	3640	1016	1016	1000	3629
P	1010	3641	1017	1017	1001	3630
I	1011	3642	1018	1018	1002	3631
S	1012	3651	1019	1019	1003	3640
F	1013	3652	1020	1020	1004	3641
P	1014	3653	1021	1021	1005	3642
L	1015	3654	1022	1022	1006	3643
C	1016	3655	1023	1023	1007	3644
A	1017	3656	1024	1024	1008	3645
N	1018	3657	1025	1025	1009	3646
G	1019	3658	1026	1026	1010	3647
Q	1020	3659	1027	1027	1011	3648
V	1021	3660	1028	1028	1012	3649
F	1022	3661	1029	1029	1013	3650
G	1023	3662	1030	1030	1014	3651
L	1024	3663	1031	1031	1015	3652
Y	1025	3664	1032	1032	1016	3653
K	1026	3665	1033	1033	1017	3654
N	1027	3666	1034	1034	1018	3655
T	1028	3667	1035	1035	1019	3656
C	1029	3676	1036	1036	1020	3665
V	1030	3677	1037	1037	1021	3666
G	1031	3678	1038	1038	1022	3667
S	1032	3679	1039	1039	1023	3668
D	1033	3680	1040	1040	1024	3669
N	1034	3681	1041	1041	1025	3670
V	1035	3682	1042	1042	1026	3671
T	1036	3683	1043	1043	1027	3672
D	1037	3684	1044	1044	1028	3673
F	1038	3685	1045	1045	1029	3674
N	1039	3686	1046	1046	1030	3675
A	1040	3687	1047	1047	1031	3676
I	1041	3688	1048	1048	1032	3677
A	1042	3689	1049	1049	1033	3678
T	1043	3690	1050	1050	1034	3679
C	1044	3691	1051	1051	1035	3680
D	1045	3692	1052	1052	1036	3681
W	1046	3693	1053	1053	1037	3682
T	1047	3694	1054	1054	1038	3683
N	1048	3695	1055	1055	1039	3684
A	1049	3696	1056	1056	1040	3685
G	1050	3697	1057	1057	1041	3686
D	1051	3698	1058	1058	1042	3687
Y	1052	3699	1059	1059	1043	3688
I	1053	3700	1060	1060	1044	3689
L	1054	3702	1061	1061	1045	3691
A	1055	3703	1062	1062	1046	3692
N	1056	3704	1063	1063	1047	3693
T	1057	3705	1064	1064	1048	3694
C	1058	3706	1065	1065	1049	3695
T	1059	3707	1066	1066	1050	3696
E	1060	3708	1067	1067	1051	3697
R	1061	3709	1068	1068	1052	3698
L	1062	3710	1069	1069	1053	3699
K	1063	3711	1070	1070	1054	3700
L	1064	3712	1071	1071	1055	3701
F	1065	3713	1072	1072	1056	3702
A	1066	3714	1073	1073	1057	3703
A	1067	3715	1074	1074	1058	3704
E	1068	3729	1075	1075	1059	3718
T	1069	3730	1076	1076	1060	3719
L	1070	3731	1077	1077	1061	3720
K	1071	3732	1078	1078	1062	3721
A	1072	3733	1079	1079	1063	3722
T	1073	3734	1080	1080	1064	3723
E	1074	3735	1081	1081	1065	3724
E	1075	3736	1082	1082	1066	3725
T	1076	3737	1083	1083	1067	3726
F	1077	3738	1084	1084	1068	3727
K	1078	3739	1085	1085	1069	3728
L	1079	3740	1086	1086	1070	3729
S	1080	3741	1087	1087	1071	3730
Y	1081	3742	1088	1088	1072	3731
G	1082	3743	1089	1089	1073	3732
I	1083	3744	1090	1090	1074	3733
A	1084	3745	1091	1091	1075	3734
T	1085	3746	1092	1092	1076	3735
V	1086	3762	1093	1093	1077	3751
R	1087	3763	1094	1094	1078	3752
E	1088	3764	1095	1095	1079	3753
V	1089	3765	1096	1096	1080	3754
L	1090	3766	1097	1097	1081	3755
S	1091	3767	1098	1098	1082	3756
D	1092	3768	1099	1099	1083	3757
R	1093	3769	1100	1100	1084	3758
E	1094	3770	1101	1101	1085	3759
L	1095	3771	1102	1102	1086	3760
H	1096	3772	1103	1103	1087	3761
L	1097	3773	1104	1104	1088	3762
S	1098	3774	1105	1105	1089	3763
W	1099	3775	1106	1106	1090	3764
E	1100	3776	1107	1107	1091	3765
V	1101	3777	1108	1108	1092	3766
G	1102	3778	1109	1109	1093	3767
K	1103	3782	1110	1110	1094	3771
P	1104	3783	1111	1111	1095	3772
R	1105	3784	1112	1112	1096	3773
P	1106	3785	1113	1113	1097	3774
P	1107	3786	1114	1114	1098	3775
L	1108	3787	1115	1115	1099	3776
N	1109	3788	1116	1116	1100	3777
R	1110	3789	1117	1117	1101	3778
N	1111	3790	1118	1118	1102	3779
Y	1112	3791	1119	1119	1103	3780
V	1113	3792	1120	1120	1104	3781
F	1114	3793	1121	1121	1105	3782
T	1115	3794	1122	1122	1106	3783
G	1116	3795	1123	1123	1107	3784
Y	1117	3796	1124	1124	1108	0
R	1118	3797	1125	1125	1109	0
V	1119	3798	1126	1126	1110	0
T	1120	3799	1127	1127	1111	3785
K	1121	3800	1128	1128	1112	3786
N	1122	3801	1129	1129	1113	3787
S	1123	3802	1130	1130	1114	3788
K	1124	3803	1131	1131	1115	3789
V	1125	3804	1132	1132	1116	3790
Q	1126	3805	1133	1133	1117	3791
I	1127	3806	1134	1134	1118	3792
G	1128	3807	1135	1135	1119	3793
E	1129	3808	1136	1136	1120	3794
Y	1130	3809	1137	1137	1121	3795
T	1131	3810	1138	1138	1122	3796
F	1132	3811	1139	1139	1123	3797
E	1133	3812	1140	1140	1124	3798
K	1134	3813	1141	1141	1125	3799
G	1135	3814	1142	1142	1126	3800
D	1136	3815	1143	1143	1127	3801
Y	1137	3816	1144	1144	1128	3802
G	1138	3817	1145	1145	1129	3803
D	1139	3819	1146	1146	1131	3805
A	1140	3820	1147	1147	1132	3806
V	1141	3821	1148	1148	1133	3807
V	1142	3822	1149	1149	1134	3808
Y	1143	3823	1150	1150	1135	3809
R	1144	3824	1151	1151	1136	3810
G	1145	3825	1152	1152	1137	3811
T	1146	3830	1153	1153	1138	3816
T	1147	3831	1154	1154	1139	3817
T	1148	3832	1155	1155	1140	3818
Y	1149	3833	1156	1156	1141	3819
K	1150	3834	1157	1157	1142	3820
L	1151	3835	1158	1158	1143	3821
N	1152	3836	1159	1159	1144	3822
V	1153	3837	1160	1160	1145	3823
G	1154	3838	1161	1161	1146	3824
D	1155	3839	1162	1162	1147	3825
Y	1156	3840	1163	1163	1148	3826
F	1157	3841	1164	1164	1149	3827
V	1158	3842	1165	1165	1150	3828
L	1159	3848	1166	1166	1151	3834
T	1160	3849	1167	1167	1152	3835
S	1161	3850	1168	1168	1153	3836
H	1162	3851	1169	1169	1154	3837
T	1163	3852	1170	1170	1155	3838
V	1164	3853	1171	1171	1156	3839
M	1165	3854	1172	1172	1157	3840
P	1166	3855	1173	1173	1158	3841
L	1167	3858	1174	1174	1159	3844
S	1168	3859	1175	1175	1160	3845
A	1169	3860	1176	1176	1161	3846
P	1170	3861	1177	1177	1162	3847
T	1171	3862	1178	1178	1163	3848
L	1172	3863	1179	1179	1164	3849
V	1173	3864	1180	1180	1165	3850
P	1174	3865	1181	1181	1166	3851
Q	1175	3866	1182	1182	1167	3852
E	1176	3867	1183	1183	1168	3853
H	1177	3868	1184	1184	1169	3854
Y	1178	3869	1185	1185	1170	3855
V	1179	3872	1188	1188	1171	3858
R	1180	3873	1189	1189	1172	3859
I	1181	3874	1190	1190	1173	3860
T	1182	3875	1191	1191	1174	3861
G	1183	3876	1192	1192	1175	3862
L	1184	3877	1193	1193	1176	3863
Y	1185	3878	1194	1194	1177	3864
P	1186	3879	0	0	1178	3865
T	1187	3880	0	0	1179	3866
L	1188	3881	0	0	1180	3867
N	1189	3882	1195	1195	1181	3868
I	1190	3883	1196	1196	1182	3869
S	1191	3884	1197	1197	1183	3870
D	1192	3885	1198	1198	1184	3871
E	1193	3886	1199	1199	1185	3872
F	1194	3887	1200	1200	1186	3873
S	1195	3888	1201	1201	1187	3874
S	1196	3889	1202	1202	1188	3875
N	1197	3890	1203	1203	1189	3876
V	1198	3891	1204	1204	1190	3877
A	1199	3892	1205	1205	1191	3878
N	1200	3893	1206	1206	1192	3879
Y	1201	3894	1207	1207	1193	3880
Q	1202	3897	1208	1208	1194	3883
K	1203	3898	1209	1209	1195	3884
V	1204	3899	1210	1210	1196	3885
G	1205	3900	1211	1211	1197	3886
M	1206	3901	1212	1212	1198	3887
Q	1207	3902	1213	1213	1199	3888
K	1208	3903	1214	1214	1200	3889
Y	1209	3904	1215	1215	1201	3890
S	1210	3905	1216	1216	1202	3891
T	1211	3906	1217	1217	1203	3892
L	1212	3907	1218	1218	1204	3893
Q	1213	3908	1219	1219	1205	3894
G	1214	3909	1220	1220	1206	3895
P	1215	3910	1221	1221	1207	3896
P	1216	3911	1222	1222	1208	3897
G	1217	3912	1223	1223	1209	3898
T	1218	3913	1224	1224	1210	3899
G	1219	3914	1225	1225	1211	3900
K	1220	3927	1226	1226	1212	3913
S	1221	3928	1227	1227	1213	3914
H	1222	3929	1228	1228	1214	3915
F	1223	3930	1229	1229	1215	3916
A	1224	3931	1230	1230	1216	3917
I	1225	3932	1231	1231	1217	3918
G	1226	3954	1232	1232	1218	3940
L	1227	3955	1233	1233	1219	3941
A	1228	3956	1234	1234	1220	3942
L	1229	3957	1235	1235	1221	3943
Y	1230	3958	1236	1236	1222	3944
Y	1231	3970	1237	1237	1223	3956
P	1232	3971	1238	1238	1224	3957
S	1233	3972	1239	1239	1225	3958
A	1234	3973	1240	1240	1226	3959
R	1235	3974	1241	1241	1227	3960
I	1236	3975	1242	1242	1228	3961
V	1237	3977	1243	1243	1229	3963
Y	1238	3978	1244	1244	1230	3964
T	1239	3979	1245	1245	1231	3965
A	1240	3980	1246	1246	1232	3966
C	1241	3981	1247	1247	1233	3967
S	1242	3984	1248	1248	1234	3970
H	1243	3985	1249	1249	1235	3971
A	1244	3986	1250	1250	1236	3972
A	1245	3987	1251	1251	1237	3973
V	1246	3988	1252	1252	1238	3974
D	1247	3989	1253	1253	1239	3975
A	1248	3990	1254	1254	1240	3976
L	1249	3991	1255	1255	1241	3977
C	1250	3992	1256	1256	1242	3978
E	1251	3993	1257	1257	1243	3979
K	1252	3994	1258	1258	1244	3980
A	1253	3995	1259	1259	1245	3981
L	1254	3996	1260	1260	1246	3982
K	1255	3997	1261	1261	1247	3983
Y	1256	3998	1262	1262	1248	3984
L	1257	3999	1263	1263	1249	3985
P	1258	4000	1264	1264	1250	3986
I	1259	4001	1265	1265	1251	3987
D	1260	4047	1266	1266	1252	4033
K	1261	4048	1267	1267	1253	4034
C	1262	4049	1268	1268	1254	4035
S	1263	4050	1269	1269	1255	4036
R	1264	4051	1270	1270	1256	4037
I	1265	4052	1271	1271	1257	4038
I	1266	4053	1272	1272	1258	4039
P	1267	4058	1273	1273	1259	4044
A	1268	4059	1274	1274	1260	4045
R	1269	4060	1275	1275	1261	4046
A	1270	4061	1276	1276	1262	4047
R	1271	4062	1277	1277	1263	4048
V	1272	4063	1278	1278	1264	4049
E	1273	4064	1279	1279	1265	4050
C	1274	4065	1280	1280	1266	4051
F	1275	4066	1281	1281	1267	4052
D	1276	4067	1282	1282	1268	4053
K	1277	4068	1283	1283	1269	4054
F	1278	4069	1284	1284	1270	4055
K	1279	4070	1285	1285	1271	4056
V	1280	4071	1286	1286	1272	4057
N	1281	4072	1287	1287	1273	4058
S	1282	4073	1288	1288	1274	4059
T	1283	4074	1289	1289	1275	4060
L	1284	4075	1290	1290	1276	4061
E	1285	4076	1291	1291	1277	4062
Q	1286	4077	1292	1292	1278	4063
Y	1287	4078	1293	1293	1279	4064
V	1288	4091	1294	1294	1280	4077
F	1289	4092	1295	1295	1281	4078
C	1290	4093	1296	1296	1282	4079
T	1291	4094	1297	1297	1283	4080
V	1292	4095	1298	1298	1284	4081
N	1293	4096	1299	1299	1285	4082
A	1294	4097	1300	1300	1286	4083
L	1295	4098	1301	1301	1287	4084
P	1296	4099	1302	1302	1288	4085
E	1297	4100	1303	1303	1289	4086
T	1298	4101	1304	1304	1290	4087
T	1299	4102	1305	1305	1291	4088
A	1300	4103	1306	1306	1292	4089
D	1301	4115	1307	1307	1293	4101
I	1302	4116	1308	1308	1294	4102
V	1303	4117	1309	1309	1295	4103
V	1304	4118	1310	1310	1296	4104
F	1305	4119	1311	1311	1297	4105
D	1306	4120	1312	1312	1298	4106
E	1307	4121	1313	1313	1299	4107
I	1308	4122	1314	1314	1300	4108
S	1309	4123	1315	1315	1301	4109
M	1310	4124	1316	1316	1302	4110
A	1311	4125	1317	1317	1303	4111
T	1312	4126	1318	1318	1304	4112
N	1313	4127	1319	1319	1305	4113
Y	1314	4179	1320	1320	1306	4165
D	1315	4180	1321	1321	1307	4166
L	1316	4181	1322	1322	1308	4167
S	1317	4182	1323	1323	1309	4168
V	1318	4183	1324	1324	1310	4169
V	1319	4185	1325	1325	1311	4171
N	1320	4186	1326	1326	1312	4172
A	1321	4187	1327	1327	1313	4173
R	1322	4188	1328	1328	1314	4174
L	1323	4189	1329	1329	1315	4175
R	1324	4190	1330	1330	1316	4176
A	1325	4191	1331	1331	1317	4177
K	1326	4192	1332	1332	1318	4178
H	1327	4193	1333	1333	1319	4179
Y	1328	4194	1334	1334	1320	4180
V	1329	4195	1335	1335	1321	4181
Y	1330	4196	1336	1336	1322	4182
I	1331	4197	1337	1337	1323	4183
G	1332	4198	1338	1338	1324	4184
D	1333	4199	1339	1339	1325	4185
P	1334	4200	1340	1340	1326	4186
A	1335	4201	1341	1341	1327	4187
Q	1336	4202	1342	1342	1328	4188
L	1337	4203	1343	1343	1329	4189
P	1338	4204	1344	1344	1330	4190
A	1339	4205	1345	1345	1331	4191
P	1340	4206	1346	1346	1332	4192
R	1341	4207	1347	1347	1333	4193
T	1342	4226	1348	1348	1334	4212
L	1343	4227	1349	1349	1335	4213
L	1344	4228	1350	1350	1336	4214
T	1345	4229	1351	1351	1337	4215
K	1346	4230	1352	1352	1338	4216
G	1347	4231	1353	1353	1339	4217
T	1348	4232	1354	1354	1340	4218
L	1349	4233	1355	1355	1341	4219
E	1350	4234	1356	1356	1342	4220
P	1351	4235	1357	1357	1343	4221
E	1352	4236	1358	1358	1344	4222
Y	1353	4237	1359	1359	1345	4223
F	1354	4238	1360	1360	1346	4224
N	1355	4239	1361	1361	1347	4225
S	1356	4240	1362	1362	1348	4226
V	1357	4241	1363	1363	1349	4227
C	1358	4242	1364	1364	1350	4228
R	1359	4243	1365	1365	1351	4229
L	1360	4244	1366	1366	1352	4230
M	1361	4245	1367	1367	1353	4231
K	1362	4246	1368	1368	1354	4232
T	1363	4247	1369	1369	1355	4233
I	1364	4248	1370	1370	1356	4234
G	1365	4249	1371	1371	1357	4235
P	1366	4250	1372	1372	1358	4236
D	1367	4251	1373	1373	1359	4237
M	1368	4252	1374	1374	1360	4238
F	1369	4253	1375	1375	1361	4239
L	1370	4254	1376	1376	1362	4240
G	1371	4255	1377	1377	1363	4241
T	1372	4256	1378	1378	1364	4242
C	1373	4257	1379	1379	1365	4243
R	1374	4258	1380	1380	1366	4244
R	1375	4259	1381	1381	1367	4245
C	1376	4260	1382	1382	1368	4246
P	1377	4261	1383	1383	1369	4247
A	1378	4262	1384	1384	1370	4248
E	1379	4263	1385	1385	1371	4249
I	1380	4314	1386	1386	1372	4300
V	1381	4315	1387	1387	1373	4301
D	1382	4316	1388	1388	1374	4302
T	1383	4317	1389	1389	1375	4303
V	1384	4318	1390	1390	1376	4304
S	1385	4319	1391	1391	1377	4305
A	1386	4320	1392	1392	1378	4306
L	1387	4321	1393	1393	1379	4307
V	1388	4322	1394	1394	1380	4308
Y	1389	4331	1395	1395	1381	4317
D	1390	4332	1396	1396	1382	4318
N	1391	4333	1397	1397	1383	4319
K	1392	4334	1398	1398	1384	4320
L	1393	4335	1399	1399	1385	4321
K	1394	4336	1400	1400	1386	4322
A	1395	4337	1401	1401	1387	4323
H	1396	4338	1402	1402	1388	4324
K	1397	4339	1403	1403	1389	4325
D	1398	4340	1404	1404	1390	4326
K	1399	4341	1405	1405	1391	4327
S	1400	4342	1406	1406	1392	4328
A	1401	4343	1407	1407	1393	4329
Q	1402	4344	1408	1408	1394	4330
C	1403	4345	1409	1409	1395	4331
F	1404	4346	1410	1410	1396	4332
K	1405	4347	1411	1411	1397	4333
M	1406	4348	1412	1412	1398	4334
F	1407	4349	1413	1413	1399	4335
Y	1408	4350	1414	1414	1400	4336
K	1409	4351	1415	1415	1401	4337
G	1410	4352	1416	1416	1402	4338
V	1411	4353	1417	1417	1403	4339
I	1412	4367	1418	1418	1404	4353
T	1413	4368	1419	1419	1405	4354
H	1414	4369	1420	1420	1406	4355
D	1415	4370	1421	1421	1407	4356
V	1416	4371	1422	1422	1408	4357
S	1417	4372	1423	1423	1409	4358
S	1418	4373	1424	1424	1410	4359
A	1419	4374	1425	1425	1411	4360
I	1420	4375	1426	1426	1412	4361
N	1421	4376	1427	1427	1413	4362
R	1422	4377	1428	1428	1414	4363
P	1423	4378	1429	1429	1415	4364
Q	1424	4379	1430	1430	1416	4365
I	1425	4380	1431	1431	1417	4366
G	1426	4381	1432	1432	1418	4367
V	1427	4382	1433	1433	1419	4368
V	1428	4383	1434	1434	1420	4369
R	1429	4384	1435	1435	1421	4370
E	1430	4385	1436	1436	1422	4371
F	1431	4386	1437	1437	1423	4372
L	1432	4387	1438	1438	1424	4373
T	1433	4388	1439	1439	1425	4374
R	1434	4389	1440	1440	1426	4375
N	1435	4390	1441	1441	1427	4376
P	1436	4391	1442	1442	1428	4377
A	1437	4392	1443	1443	1429	4378
W	1438	4393	1444	1444	1430	4379
R	1439	4394	1445	1445	1431	4380
K	1440	4395	1446	1446	1432	4381
A	1441	4396	1447	1447	1433	4382
V	1442	4397	1448	1448	1434	4383
F	1443	4398	1449	1449	1435	4384
I	1444	4399	1450	1450	1436	4385
S	1445	4400	1451	1451	1437	4386
P	1446	4401	1452	1452	1438	4387
Y	1447	4409	1453	1453	1439	4395
N	1448	4410	1454	1454	1440	4396
S	1449	4411	1455	1455	1441	4397
Q	1450	4412	1456	1456	1442	4398
N	1451	4413	1457	1457	1443	4399
A	1452	4414	1458	1458	1444	4400
V	1453	4415	1459	1459	1445	4401
A	1454	4416	1460	1460	1446	4402
S	1455	4417	1461	1461	1447	4403
K	1456	4418	1462	1462	1448	4404
I	1457	4419	1463	1463	1449	4405
L	1458	4420	1464	1464	1450	4406
G	1459	4421	1465	1465	1451	4407
L	1460	4422	1466	1466	1452	4408
P	1461	4423	1467	1467	1453	4409
T	1462	4424	1468	1468	1454	4410
Q	1463	4425	1469	1469	1455	4411
T	1464	4426	1470	1470	1456	4412
V	1465	4427	1471	1471	1457	4413
D	1466	4428	1472	1472	1458	4414
S	1467	4429	1473	1473	1459	4415
S	1468	4454	1474	1474	1460	4440
Q	1469	4455	1475	1475	1461	4441
G	1470	4456	1476	1476	1462	4442
S	1471	4457	1477	1477	1463	4443
E	1472	4458	1478	1478	1464	4444
Y	1473	4459	1479	1479	1465	4445
D	1474	4460	1480	1480	1466	4446
Y	1475	4461	1481	1481	1467	4447
V	1476	4462	1482	1482	1468	4448
I	1477	4463	1483	1483	1469	4449
F	1478	4464	1484	1484	1470	4450
T	1479	4465	1485	1485	1471	4451
Q	1480	4466	1486	1486	1472	4452
T	1481	4467	1487	1487	1473	4453
T	1482	4471	1488	1488	1474	4457
E	1483	4472	1489	1489	1475	4458
T	1484	4473	1490	1490	1476	4459
A	1485	4474	1491	1491	1477	4460
H	1486	4475	1492	1492	1478	4461
S	1487	4476	1493	1493	1479	4462
C	1488	4477	1494	1494	1480	4463
N	1489	4478	1495	1495	1481	4464
V	1490	4479	1496	1496	1482	4465
N	1491	4480	1497	1497	1483	4466
R	1492	4509	1498	1498	1484	4495
F	1493	4510	1499	1499	1485	4496
N	1494	4511	1500	1500	1486	4497
V	1495	4512	1501	1501	1487	4498
A	1496	4513	1502	1502	1488	4499
I	1497	4514	1503	1503	1489	4500
T	1498	4515	1504	1504	1490	4501
R	1499	4516	1505	1505	1491	4502
A	1500	4517	1506	1506	1492	4503
K	1501	4518	1507	1507	1493	4504
V	1502	4519	1508	1508	1494	4505
G	1503	4520	1509	1509	1495	4506
I	1504	4521	1510	1510	1496	4507
L	1505	4522	1511	1511	1497	4508
C	1506	4523	1512	1512	1498	4509
I	1507	4524	1513	1513	1499	4510
M	1508	4525	1514	1514	1500	4511
S	1509	4526	1515	1515	1501	4512
D	1510	4527	1516	1516	1502	4513
R	1511	4528	1517	1517	1503	4514
D	1512	4529	1518	1518	1504	4515
L	1513	4530	1519	1519	1505	4516
Y	1514	4531	1520	1520	1506	4517
D	1515	4532	1521	1521	1507	4518
K	1516	4533	1522	1522	1508	4519
L	1517	4534	1523	1523	1509	4520
Q	1518	4535	1524	1524	1510	4521
F	1519	4536	1525	1525	1511	4522
T	1520	4537	1526	1526	1512	4523
S	1521	4538	1527	1527	1513	4524
L	1522	4539	1528	1528	1514	4525
E	1523	4540	1529	1529	1515	4526
I	1524	4541	1530	1530	1516	4527
P	1525	4542	1531	1531	1517	4528
R	1526	4543	1532	1532	1518	4529
R	1527	4544	1533	1533	1519	4530
N	1528	4545	1534	1534	1520	4531
V	1529	4546	1535	1535	0	4532
A	1530	4547	1536	1536	0	0
T	1531	4548	1537	1537	0	0
L	1532	4549	1538	1538	1521	4533
Q	1533	4550	1539	1539	1522	4534
A	1534	4551	0	0	1523	4535
E	1535	4552	0	0	1524	4536
N	1536	4559	1540	1540	1526	4543
V	1537	4560	1541	1541	1527	4544
T	1538	4561	1542	1542	1528	4545
G	1539	4562	1543	1543	1529	4546
L	1540	4563	1544	1544	1530	4547
F	1541	4564	1545	1545	1531	4548
K	1542	4565	1546	1546	1532	4549
D	1543	4566	1547	1547	1533	4550
C	1544	4567	1548	1548	1534	4551
S	1545	4568	1549	1549	1535	4552
K	1546	4569	1550	1550	1536	4553
V	1547	4570	1551	1551	1537	4554
I	1548	4571	1552	1552	1538	4555
T	1549	4572	1553	1553	1539	4556
G	1550	4573	1554	1554	1540	4557
L	1551	4574	1555	1555	1541	4558
H	1552	4575	1556	1556	1542	4559
P	1553	4576	1557	1557	1543	4560
T	1554	4577	1558	1558	1544	4561
Q	1555	4578	1559	1559	1545	4562
A	1556	4579	1560	1560	1546	4563
P	1557	4583	1561	1561	1547	4567
T	1558	4584	1562	1562	1548	4568
H	1559	4585	1563	1563	1549	4569
L	1560	4586	1564	1564	1550	4570
S	1561	4587	1565	1565	1551	4571
V	1562	4588	1566	1566	1552	4572
D	1563	4589	1567	1567	1553	4573
T	1564	4644	1568	1568	1554	4628
K	1565	4645	1569	1569	1555	4629
F	1566	4646	1570	1570	1556	4630
K	1567	4647	1571	1571	1557	4631
T	1568	4648	1572	1572	1558	4632
E	1569	4650	1574	1574	1560	4634
G	1570	4651	1575	1575	1561	4635
L	1571	4652	1576	1576	1562	4636
C	1572	4653	1577	1577	1563	4637
V	1573	4654	1578	1578	1564	4638
D	1574	4655	1579	1579	1565	4639
I	1575	4656	1580	1580	1566	4640
P	1576	4657	1581	1581	1567	4641
G	1577	4658	1582	1582	0	4642
I	1578	4659	1583	1583	0	4643
P	1579	4660	1584	1584	1568	4644
K	1580	4661	1585	1585	1569	4645
D	1581	4662	1586	1586	1570	4646
M	1582	4663	1587	1587	1571	4647
T	1583	4664	1588	1588	1572	4648
Y	1584	4665	1589	1589	1573	4649
R	1585	4666	1590	1590	1574	4650
R	1586	4667	1591	1591	1575	4651
L	1587	4668	1592	1592	1576	4652
I	1588	4669	1593	1593	1577	4653
S	1589	4670	1594	1594	1578	4654
M	1590	4671	1595	1595	1579	4655
M	1591	4672	1596	1596	1580	4656
G	1592	4673	1597	1597	1581	4657
F	1593	4674	1598	1598	1582	4658
K	1594	4675	1599	1599	1583	4659
M	1595	4676	1600	1600	1584	4660
N	1596	4677	1601	1601	1585	4661
Y	1597	4678	1602	1602	1586	4662
Q	1598	4679	1603	1603	1587	4663
V	1599	4680	1604	1604	1588	4664
N	1600	4681	1605	1605	1589	4665
G	1601	4682	1606	1606	1590	4666
Y	1602	4683	1607	1607	1591	4667
P	1603	4684	1608	1608	1592	0
N	1604	4685	1609	1609	1593	4668
M	1605	4686	1610	1610	1594	4669
F	1606	4687	1611	1611	1595	4670
I	1607	4702	1612	1612	1596	4685
T	1608	4703	1613	1613	1597	4686
R	1609	4704	1614	1614	1598	4687
E	1610	4705	1615	1615	1599	4688
E	1611	4706	1616	1616	1600	4689
A	1612	4707	1617	1617	1601	4690
I	1613	4708	1618	1618	1602	4691
R	1614	4709	1619	1619	1603	4692
H	1615	4710	1620	1620	1604	4693
V	1616	4711	1621	1621	1605	4694
R	1617	4712	1622	1622	1606	4695
A	1618	4713	1623	1623	1607	4696
W	1619	4714	1624	1624	1608	4697
I	1620	4715	1625	1625	1609	4698
G	1621	4716	1626	1626	1610	4699
F	1622	4717	1627	1627	1611	4700
D	1623	4718	1628	1628	1612	4701
V	1624	4719	1629	1629	1613	4702
E	1625	4720	1630	1630	1614	4703
G	1626	4721	1631	1631	1615	4704
C	1627	4722	1632	1632	1616	4705
H	1628	4732	1633	1633	1617	4715
A	1629	4733	1634	1634	1618	4716
T	1630	4734	1635	1635	1619	4717
R	1631	4735	1636	1636	1620	4718
E	1632	4736	1637	1637	1621	4719
A	1633	4737	1638	1638	1622	4720
V	1634	4738	1639	1639	1623	4721
G	1635	4739	1640	1640	1624	4722
T	1636	4740	1641	1641	1625	4723
N	1637	4741	1642	1642	1626	4724
L	1638	4742	1643	1643	1627	4725
P	1639	4743	1644	1644	1628	4726
L	1640	4744	1645	1645	1629	4727
Q	1641	4745	1646	1646	1630	4728
L	1642	4746	1647	1647	1631	4729
G	1643	4747	1648	1648	1632	4730
F	1644	4748	1649	1649	1633	4731
S	1645	4749	1650	1650	1634	4732
T	1646	4750	1651	1651	1635	4733
G	1647	4751	1652	1652	1636	4734
V	1648	4752	1653	1653	1637	4735
N	1649	4753	1654	1654	1638	4736
L	1650	4754	1655	1655	1639	4737
V	1651	4755	1656	1656	1640	4738
A	1652	4756	1657	1657	1641	4739
V	1653	4757	1658	1658	1642	4740
P	1654	4758	1659	1659	1643	4741
T	1655	4759	1660	1660	1644	4742
G	1656	4760	1661	1661	1645	4743
Y	1657	4761	1662	1662	1646	4744
V	1658	4762	1663	1663	1647	4745
D	1659	4763	1664	1664	1648	4746
T	1660	4764	1665	1665	1649	4747
P	1661	4765	1666	1666	1650	4748
N	1662	4766	1667	1667	1651	4749
N	1663	4767	1668	1668	1652	0
T	1664	4768	1669	1669	1653	0
D	1665	4769	1670	1670	1654	4750
F	1666	4770	1671	1671	1655	4751
S	1667	4771	1672	1672	1656	4752
R	1668	4772	1673	1673	1657	4753
V	1669	4773	1674	1674	1658	4754
S	1670	4774	1675	1675	1659	4755
A	1671	4775	1676	1676	1660	4756
K	1672	4776	1677	1677	1661	4757
P	1673	4777	1678	1678	1662	4758
P	1674	4778	1679	1679	1663	4759
P	1675	4782	1680	1680	1664	4763
G	1676	4783	1681	1681	1665	4764
D	1677	4784	1682	1682	1666	4765
Q	1678	4785	1683	1683	1667	4766
F	1679	4794	1684	1684	1668	4775
K	1680	4795	1685	1685	1669	4776
H	1681	4796	1686	1686	1670	4777
L	1682	4801	1687	1687	1671	4782
I	1683	4802	1688	1688	1672	4783
P	1684	4803	1689	1689	1673	4784
L	1685	4804	1690	1690	1674	4785
M	1686	4805	1691	1691	1675	4786
Y	1687	4806	1692	1692	1676	4787
K	1688	4807	1693	1693	1677	4788
G	1689	4808	1694	1694	1678	4789
L	1690	4809	1695	1695	1679	4790
P	1691	4810	1696	1696	1680	4791
W	1692	4811	1697	1697	1681	4792
N	1693	4812	1698	1698	1682	4793
V	1694	4813	1699	1699	1683	4794
V	1695	4814	1700	1700	1684	4795
R	1696	4815	1701	1701	1685	4796
I	1697	4816	1702	1702	1686	4797
K	1698	4817	1703	1703	1687	4798
I	1699	4818	1704	1704	1688	4799
V	1700	4819	1705	1705	1689	4800
Q	1701	4820	1706	1706	1690	4801
M	1702	4821	1707	1707	1691	4802
L	1703	4822	1708	1708	1692	4803
S	1704	4823	1709	1709	1693	4804
D	1705	4824	1710	1710	1694	0
T	1706	4825	1711	1711	1695	4805
L	1707	4826	1712	1712	1696	4806
K	1708	4827	1713	1713	1697	4807
N	1709	4828	1714	1714	1698	4808
L	1710	4829	1715	1715	1699	4809
S	1711	4830	1716	1716	1700	4810
D	1712	4831	1717	1717	1701	4811
R	1713	4832	1718	1718	1702	4812
V	1714	4833	1719	1719	1703	4813
V	1715	4834	1720	1720	1704	4814
F	1716	4835	1721	1721	1705	4815
V	1717	4836	1722	1722	1706	4816
L	1718	4837	1723	1723	1707	4817
W	1719	4842	1724	1724	1708	4822
A	1720	4850	1725	1725	1709	4830
H	1721	4851	1726	1726	1710	4831
G	1722	4852	1727	1727	1711	4832
F	1723	4853	1728	1728	1712	4833
E	1724	4854	1729	1729	1713	4834
L	1725	4855	1730	1730	1714	4835
T	1726	4856	1731	1731	1715	4836
S	1727	4857	1732	1732	1716	4837
M	1728	4858	1733	1733	1717	4838
K	1729	4859	1734	1734	1718	4839
Y	1730	4860	1735	1735	1719	4840
F	1731	4861	1736	1736	1720	4841
V	1732	4887	1737	1737	1721	4867
K	1733	4888	1738	1738	1722	4868
I	1734	4889	1739	1739	1723	4869
G	1735	4890	1740	1740	1724	4870
P	1736	4891	1741	1741	1725	4871
E	1737	4892	1742	1742	1726	4872
R	1738	4893	1743	1743	1727	4873
T	1739	4894	1744	1744	1728	4874
C	1740	4895	1745	1745	1729	4875
C	1741	4896	1746	1746	1730	4876
L	1742	4898	1747	1747	0	4878
C	1743	4899	1748	1748	1731	4879
D	1744	4900	1749	1749	1732	4880
R	1745	4901	1750	1750	1733	4881
R	1746	4902	1751	1751	1734	4882
A	1747	4903	1752	1752	1735	4883
T	1748	4904	1753	1753	1736	4884
C	1749	4905	1754	1754	1737	4885
F	1750	4906	1755	1755	1738	4886
S	1751	4907	1756	1756	1739	4887
T	1752	4908	1757	1757	1740	4888
A	1753	4909	1758	1758	1741	4889
S	1754	4910	1759	1759	1742	4890
D	1755	4911	1760	1760	1743	4891
T	1756	4912	1761	1761	1744	4892
Y	1757	4913	1762	1762	1745	4893
A	1758	4914	1763	1763	1746	4894
C	1759	4915	1764	1764	1747	4895
W	1760	4916	1765	1765	1748	4896
H	1761	4917	1766	1766	1749	4897
H	1762	4918	1767	1767	1750	4898
S	1763	4919	1768	1768	1751	4899
I	1764	4920	1769	1769	1752	4900
G	1765	4921	1770	1770	1753	4901
F	1766	4922	1771	1771	1754	4902
D	1767	4930	1772	1772	1755	4910
Y	1768	4931	1773	1773	1756	4911
V	1769	4932	1774	1774	1757	4912
Y	1770	4933	1775	1775	1758	4913
N	1771	4934	1776	1776	1759	4914
P	1772	4935	1777	1777	1760	4915
F	1773	4936	1778	1778	1761	4916
M	1774	4937	1779	1779	1762	4917
I	1775	4938	1780	1780	1763	4918
D	1776	4939	1781	1781	1764	4919
V	1777	4940	1782	1782	1765	4920
Q	1778	4941	1783	1783	1766	4921
Q	1779	4942	1784	1784	1767	4922
W	1780	4943	1785	1785	1768	4923
G	1781	4944	1786	1786	1769	4924
F	1782	4945	1787	1787	1770	4925
T	1783	4947	1788	1788	1771	4927
G	1784	4948	1789	1789	1772	4928
N	1785	4949	1790	1790	1773	4929
L	1786	4950	1791	1791	1774	4930
Q	1787	4951	1792	1792	1775	4931
S	1788	4952	1793	1793	1776	4932
N	1789	4953	1794	1794	1777	4933
H	1790	4954	1795	1795	1778	4934
D	1791	4955	1796	1796	1779	4935
L	1792	4956	1797	1797	1780	0
Y	1793	4957	1798	1798	1781	4936
C	1794	4958	1799	1799	1782	4937
Q	1795	4959	1800	1800	1783	4938
V	1796	4960	1801	1801	1784	4939
H	1797	4961	1802	1802	1785	0
G	1798	4962	1803	1803	1786	0
N	1799	4963	1804	1804	1787	0
A	1800	4964	1805	1805	1788	0
H	1801	4965	1806	1806	1789	4940
V	1802	4966	1807	1807	1790	4941
A	1803	4967	1808	1808	1791	4942
S	1804	4968	1809	1809	1792	4943
C	1805	4969	1810	1810	1793	4944
D	1806	4970	1811	1811	1794	4945
A	1807	4971	1812	1812	1795	4946
I	1808	4972	1813	1813	1796	4947
M	1809	4973	1814	1814	1797	4948
T	1810	4974	1815	1815	1798	4949
R	1811	4975	1816	1816	1799	4950
C	1812	4976	1817	1817	1800	4951
L	1813	4977	1818	1818	1801	4952
A	1814	4978	1819	1819	1802	4953
V	1815	4979	1820	1820	1803	4954
H	1816	4989	1821	1821	1804	4964
E	1817	4990	1822	1822	1805	4965
C	1818	4991	1823	1823	1806	4966
F	1819	4992	1824	1824	1807	4967
V	1820	4993	1825	1825	1808	4968
K	1821	4994	1826	1826	1809	4969
R	1822	4995	1827	1827	1810	4970
V	1823	4996	1828	1828	1811	4971
D	1824	5057	1829	1829	1812	5032
W	1825	5058	1830	1830	1813	5033
T	1826	5059	1831	1831	1814	5034
I	1827	5060	1832	1832	1815	5035
E	1828	5061	1833	1833	1816	5036
Y	1829	5062	1834	1834	1817	5037
P	1830	5063	1835	1835	1818	5038
I	1831	5064	1836	1836	1819	5039
I	1832	5065	1837	1837	1820	5040
G	1833	5066	1838	1838	1821	5041
D	1834	5067	1839	1839	1822	5042
E	1835	5068	1840	1840	1823	5043
L	1836	5069	1841	1841	1824	5044
K	1837	5070	1842	1842	1825	5045
I	1838	5071	1843	1843	1826	5046
N	1839	5072	1844	1844	1827	5047
A	1840	5073	1845	1845	1828	5048
A	1841	5074	1846	1846	1829	5049
C	1842	5075	1847	1847	1830	5050
R	1843	5076	1848	1848	1831	5051
K	1844	5077	1849	1849	1832	5052
V	1845	5078	1850	1850	1833	5053
Q	1846	5079	1851	1851	1834	5054
H	1847	5090	1852	1852	1835	5065
M	1848	5091	1853	1853	1836	5066
V	1849	5092	1854	1854	1837	5067
V	1850	5093	1855	1855	1838	5068
K	1851	5094	1856	1856	1839	5069
A	1852	5095	1857	1857	1840	5070
A	1853	5096	1858	1858	1841	5071
L	1854	5097	1859	1859	1842	5072
L	1855	5098	1860	1860	1843	5073
A	1856	5099	1861	1861	1844	5074
D	1857	5100	1862	1862	1845	5075
K	1858	5101	1863	1863	1846	5076
F	1859	5102	1864	1864	1847	5077
P	1860	5103	1865	1865	1848	5078
V	1861	5104	1866	1866	1849	5079
L	1862	5105	1867	1867	1850	5080
H	1863	5106	1868	1868	1851	5081
D	1864	5107	1869	1869	1852	5082
I	1865	5112	1870	1870	1853	5087
G	1866	5113	1871	1871	1854	5088
N	1867	5114	1872	1872	1855	5089
P	1868	5115	1873	1873	1856	5090
K	1869	5128	1874	1874	1857	5103
A	1870	5129	1875	1875	1858	5104
I	1871	5130	1876	1876	1859	5105
K	1872	5131	1877	1877	1860	5106
C	1873	5132	1878	1878	1861	5107
V	1874	5133	1879	1879	1862	5108
P	1875	5134	1880	1880	1863	5109
Q	1876	5135	1881	1881	1864	5110
A	1877	5136	1882	1882	1865	5111
D	1878	5137	1883	1883	1866	5112
V	1879	5138	0	0	0	5113
E	1880	5155	0	0	1867	5130
W	1881	5156	1884	1884	1868	5131
K	1882	5157	1885	1885	1869	5132
F	1883	5158	1886	1886	1870	5133
Y	1884	5159	1887	1887	1871	5134
D	1885	5160	1888	1888	1872	5135
A	1886	5161	1889	1889	1873	5136
Q	1887	5162	1890	1890	1874	5137
P	1888	5163	1891	1891	1875	5138
C	1889	5164	1892	1892	1876	5139
S	1890	5168	0	0	0	5143
D	1891	5169	0	0	0	5144
K	1892	5170	0	0	0	5145
A	1893	5171	1893	1893	1877	5146
Y	1894	5172	1894	1894	1878	5147
K	1895	5173	1895	1895	1879	5148
I	1896	5174	1896	1896	1880	5149
E	1897	5175	1897	1897	1881	5150
E	1898	5176	1898	1898	1882	5151
L	1899	5177	1899	1899	1883	5152
F	1900	5178	1900	1900	1884	5153
Y	1901	5179	1901	1901	1885	5154
S	1902	5180	1902	1902	1886	5155
Y	1903	5181	1903	1903	1887	5156
A	1904	5182	1904	1904	1888	5157
T	1905	5183	1905	1905	1889	5158
H	1906	5184	1906	1906	1890	5159
S	1907	5185	1907	1907	1891	5160
D	1908	5186	1908	1908	1892	5161
K	1909	5187	1909	1909	0	0
F	1910	5188	1910	1910	0	0
T	1911	5189	1911	1911	1893	5162
D	1912	5190	1912	1912	1894	5163
G	1913	5191	1913	1913	1895	5164
V	1914	5192	1914	1914	1896	5165
C	1915	5193	1915	1915	1897	5166
L	1916	5194	1916	1916	1898	5167
F	1917	5195	1917	1917	1899	5168
W	1918	5196	1918	1918	1900	5169
N	1919	5197	1919	1919	1901	5170
C	1920	5198	1920	1920	1902	5171
N	1921	5216	1921	1921	1903	5189
V	1922	5217	1922	1922	1904	5190
D	1923	5218	1923	1923	1905	5191
R	1924	5219	1924	1924	1906	5192
Y	1925	5220	1925	1925	1907	5193
P	1926	5221	1926	1926	1908	5194
A	1927	5222	1927	1927	1909	5195
N	1928	5223	1928	1928	1910	5196
S	1929	5224	1929	1929	1911	5197
I	1930	5225	1930	1930	1912	5198
V	1931	5226	1931	1931	1913	5199
C	1932	5227	1932	1932	1914	5200
R	1933	5228	1933	1933	1915	5201
F	1934	5229	1934	1934	1916	5202
D	1935	5230	1935	1935	1917	5203
T	1936	5241	1936	1936	1918	5214
R	1937	5242	1937	1937	1919	5215
V	1938	5243	1938	1938	1920	5216
L	1939	5244	1939	1939	1921	5217
S	1940	5245	1940	1940	1922	5218
N	1941	5246	1941	1941	1923	5219
L	1942	5247	1942	1942	1924	5220
N	1943	5248	1943	1943	1925	5221
L	1944	5249	1944	1944	1926	5222
P	1945	5250	1945	1945	1927	0
G	1946	5251	1946	1946	1928	0
C	1947	5252	1947	1947	1929	0
D	1948	5253	1948	1948	1930	5223
G	1949	5254	1949	1949	1931	5224
G	1950	5255	1950	1950	1932	5225
S	1951	5256	1951	1951	1933	5226
L	1952	5257	1952	1952	1934	5227
Y	1953	5258	1953	1953	1935	5228
V	1954	5259	1954	1954	1936	5229
N	1955	5260	1955	1955	1937	5230
K	1956	5261	1956	1956	1938	5231
H	1957	5262	1957	1957	1939	5232
A	1958	5263	1958	1958	1940	5233
F	1959	5264	1959	1959	1941	5234
H	1960	5265	1960	1960	1942	5235
T	1961	5266	1961	1961	1943	5236
P	1962	5267	1962	1962	1944	5237
A	1963	5268	1963	1963	1945	5238
F	1964	5269	1964	1964	1946	5239
D	1965	5270	1965	1965	1947	5240
K	1966	5271	1966	1966	1948	5241
S	1967	5272	1967	1967	1949	5242
A	1968	5273	1968	1968	1950	5243
F	1969	5274	1969	1969	1951	5244
V	1970	5275	1970	1970	1952	5245
N	1971	5276	1971	1971	1953	5246
L	1972	5277	1972	1972	1954	5247
K	1973	5278	1973	1973	1955	5248
Q	1974	5279	1974	1974	1956	5249
L	1975	5280	1975	1975	1957	5250
P	1976	5281	1976	1976	1958	5251
F	1977	5282	1977	1977	1959	5252
F	1978	5283	1978	1978	1960	5253
Y	1979	5284	1979	1979	1961	5254
Y	1980	5285	1980	1980	1962	5255
S	1981	5286	1981	1981	1963	5256
D	1982	5287	1982	1982	1964	5257
S	1983	5288	1983	1983	1965	5258
P	1984	5289	1984	1984	1966	5259
C	1985	5290	1985	1985	1967	5260
E	1986	5291	1986	1986	1968	5261
S	1987	5292	1987	1987	1969	5262
H	1988	5293	1988	1988	1970	5263
G	1989	5294	1989	1989	1971	5264
K	1990	5295	1990	1990	1972	5265
Q	1991	5296	1991	1991	1973	5266
V	1992	5297	1992	1992	1974	5267
V	1993	5298	1993	1993	0	5268
S	1994	5299	1994	1994	0	5269
D	1995	5300	1995	1995	0	5270
I	1996	5301	1996	1996	0	5271
D	1997	5302	1997	1997	1975	5272
Y	1998	5303	1998	1998	1976	5273
V	1999	5304	1999	1999	1977	5274
P	2000	5305	2000	2000	1978	5275
L	2001	5306	2001	2001	1979	5276
K	2002	5307	2002	2002	1980	5277
S	2003	5330	2003	2003	1981	5300
A	2004	5331	2004	2004	1982	5301
T	2005	5332	2005	2005	1983	5302
C	2006	5333	2006	2006	1984	5303
I	2007	5334	2007	2007	1985	5304
T	2008	5335	2008	2008	1986	5305
R	2009	5336	2009	2009	1987	5306
C	2010	5337	2010	2010	1988	5307
N	2011	5338	2011	2011	1989	5308
L	2012	5339	2012	2012	1990	5309
G	2013	5340	2013	2013	1991	5310
G	2014	5341	2014	2014	1992	5311
A	2015	5342	2015	2015	1993	5312
V	2016	5343	2016	2016	1994	5313
C	2017	5344	2017	2017	1995	5314
R	2018	5345	2018	2018	1996	5315
H	2019	5346	2019	2019	1997	5316
H	2020	5347	2020	2020	1998	5317
A	2021	5348	2021	2021	1999	5318
N	2022	5349	2022	2022	2000	5319
E	2023	5350	2023	2023	2001	5320
Y	2024	5351	2024	2024	2002	5321
R	2025	5355	2025	2025	2003	5325
L	2026	5356	2026	2026	2004	5326
Y	2027	5357	2027	2027	2005	5327
L	2028	5358	2028	2028	2006	5328
D	2029	5359	2029	2029	2007	5329
A	2030	5360	2030	2030	2008	5330
Y	2031	5361	2031	2031	2009	5331
N	2032	5362	2032	2032	2010	5332
M	2033	5363	2033	2033	2011	5333
M	2034	5364	2034	2034	2012	5334
I	2035	5365	2035	2035	2013	0
S	2036	5366	2036	2036	2014	5335
A	2037	5367	2037	2037	2015	5336
G	2038	5368	2038	2038	2016	5337
F	2039	5369	2039	2039	2017	5338
S	2040	5370	2040	2040	2018	5339
L	2041	5371	2041	2041	2019	5340
W	2042	5372	2042	2042	2020	5341
V	2043	5373	2043	2043	2021	5342
Y	2044	5374	2044	2044	2022	5343
K	2045	5375	2045	2045	2023	5344
Q	2046	5376	2046	2046	2024	5345
F	2047	5377	2047	2047	2025	5346
D	2048	5378	2048	2048	2026	5347
T	2049	5379	2049	2049	2027	5348
Y	2050	5380	2050	2050	2028	5349
N	2051	5381	2051	2051	2029	5350
L	2052	5382	2052	2052	2030	5351
W	2053	5383	2053	2053	2031	5352
N	2054	5384	2054	2054	2032	5353
T	2055	5385	2055	2055	2033	5354
F	2056	5386	2056	2056	2034	5355
T	2057	5387	2057	2057	2035	5356
R	2058	5391	2058	2058	2039	5360
L	2059	5392	2059	2059	2040	5361
Q	2060	5393	2060	2060	2041	5362
S	2061	5394	2061	2061	2042	5363
L	2062	5395	2062	2062	2043	5364
E	2063	5396	2063	2063	2044	5365
N	2064	5397	2064	2064	2045	5366
V	2065	5407	2065	2065	2046	5376
A	2066	5408	2066	2066	2047	5377
F	2067	5409	2067	2067	2048	5378
N	2068	5410	2068	2068	2049	5379
V	2069	5411	2069	2069	2050	5380
V	2070	5412	2070	2070	2051	5381
N	2071	5413	2071	2071	2052	5382
K	2072	5414	2072	2072	2053	5383
G	2073	5415	2073	2073	2054	5384
H	2074	5416	2074	2074	2055	5385
F	2075	5417	2075	2075	2056	5386
D	2076	5418	2076	2076	2057	5387
G	2077	5419	2077	2077	2058	5388
Q	2078	5420	2078	2078	2059	5389
Q	2079	5421	2079	2079	2060	5390
G	2080	5422	2080	2080	2061	5391
E	2081	5423	2081	2081	2062	5392
V	2082	5424	2082	2082	2063	5393
P	2083	5427	2083	2083	2064	5396
V	2084	5428	2084	2084	2065	5397
S	2085	5429	2085	2085	2066	5398
I	2086	5430	2086	2086	2067	5399
I	2087	5431	2087	2087	2068	5400
N	2088	5432	2088	2088	2069	5401
N	2089	5433	2089	2089	2070	5402
T	2090	5434	2090	2090	2071	5403
V	2091	5435	2091	2091	2072	5404
Y	2092	5436	2092	2092	2073	5405
T	2093	5437	2093	2093	2074	5406
K	2094	5440	2094	2094	2075	5409
V	2095	5441	2095	2095	2076	5410
D	2096	5442	2096	2096	2077	5411
G	2097	5443	2097	2097	2078	5412
V	2098	5444	2098	2098	2079	5413
D	2099	5445	2099	2099	2080	5414
V	2100	5446	2100	2100	2081	5415
E	2101	5447	2101	2101	2082	5416
L	2102	5448	2102	2102	2083	5417
F	2103	5449	2103	2103	2084	5418
E	2104	5450	2104	2104	2085	5419
N	2105	5451	2105	2105	2086	5420
K	2106	5452	2106	2106	2087	5421
T	2107	5453	2107	2107	2088	5422
T	2108	5454	2108	2108	2089	5423
L	2109	5455	2109	2109	2090	5424
P	2110	5456	2110	2110	2091	5425
V	2111	5466	2111	2111	2092	5435
N	2112	5467	2112	2112	2093	5436
V	2113	5468	2113	2113	2094	5437
A	2114	5469	2114	2114	2095	5438
F	2115	5470	2115	2115	2096	5439
E	2116	5471	2116	2116	2097	5440
L	2117	5472	2117	2117	2098	5441
W	2118	5473	2118	2118	2099	5442
A	2119	5474	2119	2119	2100	5443
K	2120	5475	2120	2120	2101	5444
R	2121	5476	2121	2121	2102	5445
N	2122	5477	2122	2122	2103	5446
I	2123	5478	2123	2123	2104	5447
K	2124	5479	2124	2124	2105	5448
P	2125	5480	2125	2125	2106	5449
V	2126	5481	2126	2126	2107	5450
P	2127	5482	2127	2127	2108	5451
E	2128	5483	2128	2128	2109	5452
V	2129	5484	2129	2129	2110	5453
K	2130	5485	2130	2130	2111	5454
I	2131	5486	2131	2131	2112	5455
L	2132	5487	2132	2132	2113	5456
N	2133	5491	2133	2133	2114	5460
N	2134	5492	2134	2134	2115	5461
L	2135	5493	2135	2135	2116	5462
G	2136	5494	2136	2136	2117	5463
V	2137	5495	2137	2137	2118	5464
D	2138	5496	2138	2138	2119	5465
I	2139	5497	2139	2139	2120	5466
A	2140	5498	2140	2140	2121	5467
A	2141	5499	2141	2141	2122	5468
N	2142	5500	2142	2142	2123	5469
T	2143	5501	2143	2143	2124	5470
V	2144	5502	2144	2144	2125	5471
I	2145	5545	2145	2145	2126	5514
W	2146	5546	2146	2146	2127	5515
D	2147	5547	2147	2147	2128	5516
Y	2148	5548	2148	2148	2129	5517
K	2149	5549	2149	2149	2130	5518
R	2150	5550	2150	2150	2131	5519
D	2151	5551	2151	2151	2132	5520
A	2152	5552	2152	2152	2133	5521
P	2153	5553	2153	2153	2134	5522
A	2154	5554	2154	2154	2135	5523
H	2155	5555	2155	2155	2136	5524
I	2156	5556	2156	2156	2137	5525
S	2157	5557	2157	2157	2138	5526
T	2158	5558	2158	2158	2139	5527
I	2159	5559	2159	2159	2140	5528
G	2160	5566	2160	2160	2141	5535
V	2161	5567	2161	2161	2142	5536
C	2162	5568	2162	2162	2143	5537
S	2163	5569	2163	2163	2144	5538
M	2164	5570	2164	2164	2145	5539
T	2165	5571	2165	2165	2146	5540
D	2166	5572	2166	2166	2147	5541
I	2167	5573	2167	2167	2148	5542
A	2168	5574	2168	2168	2149	5543
K	2169	5575	0	0	0	5544
K	2170	5576	0	0	0	5545
P	2171	5577	0	0	0	5546
T	2172	5578	0	0	0	5547
E	2173	5579	0	0	0	5548
T	2174	5580	0	0	0	5549
I	2175	5581	0	0	0	5550
C	2176	5582	2169	2169	0	5551
A	2177	5584	2171	2171	2150	5552
P	2178	5585	2172	2172	2151	5553
L	2179	5586	2173	2173	2152	5554
T	2180	5587	2174	2174	2153	5555
V	2181	5588	2175	2175	2154	5556
F	2182	5589	2176	2176	2155	5557
F	2183	5590	2177	2177	2156	5558
D	2184	5591	2178	2178	2157	5559
G	2185	5597	2179	2179	2158	5565
R	2186	5598	2180	2180	2159	5566
V	2187	5599	2181	2181	2160	5567
D	2188	5600	2182	2182	2161	5568
G	2189	5601	2183	2183	2162	5569
Q	2190	5602	2184	2184	2163	5570
V	2191	5603	2185	2185	2164	5571
D	2192	5604	2186	2186	2165	5572
L	2193	5605	2187	2187	2166	5573
F	2194	5606	2188	2188	2167	5574
R	2195	5607	2189	2189	2168	5575
N	2196	5608	2190	2190	2169	5576
A	2197	5609	2191	2191	2170	5577
R	2198	5610	2192	2192	2171	5578
N	2199	5611	2193	2193	2172	5579
G	2200	5612	2194	2194	2173	5580
V	2201	5613	2195	2195	2174	5581
L	2202	5614	2196	2196	2175	5582
I	2203	5615	2197	2197	2176	5583
T	2204	5616	2198	2198	2177	5584
E	2205	5617	2199	2199	2178	5585
G	2206	5618	2200	2200	2179	5586
S	2207	5619	2201	2201	2180	5587
V	2208	5620	2202	2202	2181	5588
K	2209	5621	2203	2203	2182	5589
G	2210	5622	2204	2204	2183	5590
L	2211	5623	2205	2205	2184	5591
Q	2212	5624	2206	2206	2185	5592
P	2213	5629	2207	2207	2186	5597
S	2214	5630	2208	2208	2187	5598
V	2215	5631	2209	2209	2188	5599
G	2216	5632	2210	2210	0	5600
P	2217	5633	2211	2211	2189	5601
K	2218	5634	2212	2212	2190	5602
Q	2219	5635	2213	2213	2191	5603
A	2220	5636	2214	2214	2192	5604
S	2221	5637	2215	2215	2193	5605
L	2222	5638	2216	2216	2194	5606
N	2223	5639	2217	2217	2195	5607
G	2224	5640	2218	2218	2196	5608
V	2225	5641	2219	2219	2197	5609
T	2226	5642	2220	2220	2198	5610
L	2227	5643	2221	2221	2199	5611
I	2228	5646	2224	2224	2202	5614
G	2229	5647	2225	2225	2203	5615
E	2230	5648	2226	2226	2204	5616
A	2231	5649	2227	2227	2205	5617
V	2232	5651	2229	2229	2207	5619
K	2233	5652	2230	2230	2208	5620
T	2234	5653	2231	2231	2209	5621
Q	2235	5654	2232	2232	2210	5622
F	2236	5655	2233	2233	2211	5623
N	2237	5656	2234	2234	2212	5624
Y	2238	5657	2235	2235	2213	5625
Y	2239	5686	2236	2236	2214	5654
K	2240	5687	2237	2237	2215	5655
K	2241	5688	2238	2238	2216	5656
V	2242	5689	2239	2239	2217	5657
D	2243	5690	2240	2240	2218	5658
G	2244	5691	2241	2241	2219	5659
V	2245	5692	2242	2242	2220	5660
V	2246	5693	2243	2243	0	5661
Q	2247	5705	2255	2255	2221	5673
Q	2248	5706	2256	2256	2222	5674
L	2249	5707	2257	2257	2223	5675
P	2250	5708	2258	2258	2224	5676
E	2251	5709	2259	2259	0	5677
T	2252	5730	2280	2280	2225	5688
Y	2253	5731	2281	2281	2226	5689
F	2254	5732	2282	2282	2227	5690
T	2255	5733	2283	2283	2228	5691
Q	2256	5734	2284	2284	2229	5692
S	2257	5735	2285	2285	2230	5693
R	2258	5736	2286	2286	2231	5694
N	2259	5744	2287	2287	2232	5702
L	2260	5745	2288	2288	2233	5703
Q	2261	5746	2289	2289	2234	5704
E	2262	5747	2290	2290	2235	5705
F	2263	5748	2291	2291	2236	5706
K	2264	5749	2292	2292	2237	5707
P	2265	5750	2293	2293	2238	5708
R	2266	5751	2294	2294	2239	5709
S	2267	5752	2295	2295	2240	5710
Q	2268	5753	2296	2296	2241	5711
M	2269	5754	2297	2297	2242	5712
E	2270	5755	2298	2298	2243	5713
I	2271	5756	2299	2299	2244	5714
D	2272	5757	2300	2300	2245	5715
F	2273	5758	2301	2301	2246	5716
L	2274	5759	2302	2302	2247	5717
E	2275	5760	2303	2303	2248	5718
L	2276	5761	2304	2304	2249	5719
A	2277	5762	2305	2305	2250	5720
M	2278	5763	2306	2306	2251	5721
D	2279	5764	2307	2307	2252	5722
E	2280	5765	2308	2308	2253	5723
F	2281	5766	2309	2309	2254	5724
I	2282	5767	2310	2310	2255	5725
E	2283	5788	2311	2311	2256	5746
R	2284	5789	2312	2312	2257	5747
Y	2285	5790	2313	2313	2258	5748
K	2286	5791	2314	2314	2259	5749
L	2287	5792	2315	2315	2260	5750
E	2288	5793	2316	2316	2261	5751
G	2289	5794	2317	2317	2262	5752
Y	2290	5795	2318	2318	2263	5753
A	2291	5796	2319	2319	2264	5754
F	2292	5797	2320	2320	2265	5755
E	2293	5798	2321	2321	2266	5756
H	2294	5799	2322	2322	2267	5757
I	2295	5857	2323	2323	2268	5815
V	2296	5858	2324	2324	2269	5816
Y	2297	5859	2325	2325	2270	5817
G	2298	5860	2326	2326	2271	5818
D	2299	5861	2327	2327	2272	5819
F	2300	5862	2328	2328	2273	5820
S	2301	5863	2329	2329	2274	5821
H	2302	5864	2330	2330	2275	5822
S	2303	5865	2331	2331	2276	5823
Q	2304	5866	2332	2332	2277	5824
L	2305	5867	2333	2333	2278	5825
G	2306	5868	2334	2334	2279	5826
G	2307	5869	2335	2335	2280	5827
L	2308	5870	2336	2336	2281	5828
H	2309	5871	2337	2337	2282	5829
L	2310	5872	2338	2338	2283	5830
L	2311	5873	2339	2339	2284	5831
I	2312	5874	2340	2340	2285	5832
G	2313	5875	2341	2341	2286	5833
L	2314	5876	2342	2342	2287	5834
A	2315	5877	2343	2343	2288	5835
K	2316	5878	2344	2344	2289	5836
R	2317	5879	2345	2345	2290	5837
F	2318	5880	2346	2346	2291	5838
K	2319	5881	2347	2347	2292	5839
E	2320	5882	2348	2348	2293	5840
S	2321	5883	2349	2349	2294	5841
P	2322	5884	2350	2350	2295	5842
F	2323	5885	2351	2351	2296	5843
E	2324	5886	2352	2352	2297	5844
L	2325	5887	2353	2353	2298	5845
E	2326	5888	2354	2354	2299	5846
D	2327	5889	2355	2355	2300	5847
F	2328	5890	2356	2356	2301	5848
I	2329	5891	2357	2357	2302	5849
P	2330	5892	2358	2358	2303	5850
M	2331	5894	2359	2359	2305	5852
D	2332	5895	2360	2360	2306	5853
S	2333	5896	2361	2361	2307	5854
T	2334	5897	2362	2362	2308	5855
V	2335	5898	2363	2363	2309	5856
K	2336	5899	2364	2364	2310	5857
N	2337	5900	2365	2365	2311	5858
Y	2338	5901	2366	2366	2312	5859
F	2339	5902	2367	2367	2313	5860
I	2340	5903	2368	2368	2314	5861
T	2341	5904	2369	2369	2315	5862
D	2342	5905	2370	2370	2316	5863
A	2343	5906	2371	2371	2317	5864
Q	2344	5907	2372	2372	2318	5865
T	2345	5908	2373	2373	2319	5866
G	2346	5909	2374	2374	2320	5867
S	2347	5910	2375	2375	2321	5868
S	2348	5911	2376	2376	2322	5869
K	2349	5912	2377	2377	2323	5870
C	2350	5913	2378	2378	2324	5871
V	2351	5914	2379	2379	2325	5872
C	2352	5915	2380	2380	2326	5873
S	2353	5923	2381	2381	2327	5881
V	2354	5924	2382	2382	2328	5882
I	2355	5925	2383	2383	2329	5883
D	2356	5926	2384	2384	2330	5884
L	2357	5927	2385	2385	2331	5885
L	2358	5928	2386	2386	2332	5886
L	2359	5929	2387	2387	2333	5887
D	2360	5930	2388	2388	2334	5888
D	2361	5931	2389	2389	2335	5889
F	2362	5932	2390	2390	2336	5890
V	2363	5933	2391	2391	2337	5891
E	2364	5977	2392	2392	2338	5935
I	2365	5978	2393	2393	2339	5936
I	2366	5979	2394	2394	2340	5937
K	2367	5980	2395	2395	2341	5938
S	2368	5981	2396	2396	2342	5939
Q	2369	5982	2397	2397	2343	5940
D	2370	5983	2398	2398	2344	5941
L	2371	5984	2399	2399	2345	5942
S	2372	5985	2400	2400	2346	5943
V	2373	5986	2401	2401	2347	5944
V	2374	5987	2402	2402	2348	5945
S	2375	5988	2403	2403	2349	5946
K	2376	5989	2404	2404	2350	5947
V	2377	5990	2405	2405	2351	5948
V	2378	5991	2406	2406	2352	5949
K	2379	5992	2407	2407	2353	5950
V	2380	5993	2408	2408	2354	5951
T	2381	5994	2409	2409	2355	5952
I	2382	5995	2410	2410	2356	5953
D	2383	5996	2411	2411	2357	5954
Y	2384	5997	2412	2412	2358	5955
T	2385	5998	2413	2413	2359	5956
E	2386	5999	2414	2414	2360	5957
I	2387	6000	2415	2415	2361	5958
S	2388	6001	2416	2416	2362	5959
F	2389	6002	2417	2417	2363	5960
M	2390	6003	2418	2418	2364	5961
L	2391	6004	2419	2419	2365	5962
W	2392	6005	2420	2420	2366	5963
C	2393	6006	2421	2421	2367	5964
K	2394	6007	2422	2422	2368	5965
D	2395	6008	2423	2423	2369	5966
G	2396	6012	2424	2424	2370	5970
H	2397	6013	2425	2425	2371	5971
V	2398	6014	2426	2426	2372	5972
E	2399	6015	2427	2427	2373	5973
T	2400	6016	2428	2428	2374	5974
F	2401	6017	2429	2429	2375	5975
Y	2402	6018	2430	2430	2376	5976
P	2403	6019	2431	2431	2377	5977
K	2404	6020	2432	2432	2378	5978
L	2405	6021	2433	2433	2379	5979
Q	2406	6022	2434	2434	2380	5980
S	2407	6023	2435	2435	2381	5981
S	2408	6024	2436	2436	2382	5982
Q	2409	6025	2437	2437	2383	5983
A	2410	6026	2438	2438	0	5984
W	2411	6027	2439	2439	2384	5985
Q	2412	6028	2440	2440	2385	5986
P	2413	6029	2441	2441	2386	5987
G	2414	6030	2442	2442	2387	5988
V	2415	6031	2443	2443	2388	5989
A	2416	6032	2444	2444	2389	5990
M	2417	6033	2445	2445	2390	5991
P	2418	6034	2446	2446	2391	5992
N	2419	6035	2447	2447	2392	5993
L	2420	6036	2448	2448	2393	5994
Y	2421	6037	2449	2449	2394	5995
K	2422	6038	2450	2450	2395	5996
M	2423	6039	2451	2451	2396	5997
Q	2424	6040	2452	2452	2397	5998
R	2425	6041	2453	2453	2398	5999
M	2426	6042	2454	2454	2399	6000
L	2427	6043	2455	2455	2400	6001
L	2428	6044	2456	2456	2401	6002
E	2429	6045	2457	2457	2402	6003
K	2430	6046	2458	2458	2403	6004
C	2431	6047	2459	2459	2404	6005
D	2432	6048	2460	2460	2405	6006
L	2433	6051	2461	2461	2406	6009
Q	2434	6052	2462	2462	2407	6010
N	2435	6053	2463	2463	2408	6011
Y	2436	6054	2464	2464	2409	6012
G	2437	6055	2465	2465	2410	6013
D	2438	6056	2466	2466	2411	6014
S	2439	6057	2467	2467	2412	6015
A	2440	6058	2468	2468	2413	6016
T	2441	6059	2469	2469	2414	6017
L	2442	6060	2470	2470	2415	6018
P	2443	6061	2471	2471	2416	6019
K	2444	6062	2472	2472	2417	6020
G	2445	6063	2473	2473	2418	6021
I	2446	6064	2474	2474	2419	6022
M	2447	6065	2475	2475	2420	6023
M	2448	6066	2476	2476	2421	6024
N	2449	6067	2477	2477	2422	6025
V	2450	6068	2478	2478	2423	6026
A	2451	6069	2479	2479	2424	6027
K	2452	6070	2480	2480	2425	6028
Y	2453	6071	2481	2481	2426	6029
T	2454	6072	2482	2482	2427	6030
Q	2455	6073	2483	2483	2428	6031
L	2456	6074	2484	2484	2429	6032
C	2457	6075	2485	2485	2430	6033
Q	2458	6076	2486	2486	2431	0
Y	2459	6077	2487	2487	2432	0
L	2460	6078	2488	2488	2433	6034
N	2461	6079	2489	2489	2434	6035
T	2462	6080	2490	2490	2435	6036
L	2463	6081	2491	2491	2436	6037
T	2464	6082	2492	2492	2437	6038
L	2465	6083	2493	2493	2438	6039
A	2466	6084	2494	2494	2439	6040
V	2467	6085	2495	2495	2440	6041
P	2468	6086	2496	2496	2441	6042
Y	2469	6087	2497	2497	2442	6043
N	2470	6088	2498	2498	2443	6044
M	2471	6089	2499	2499	2444	6045
R	2472	6090	2500	2500	2445	6046
V	2473	6091	2501	2501	2446	6047
I	2474	6104	2502	2502	2447	6060
H	2475	6105	2503	2503	2448	6061
F	2476	6126	2504	2504	2449	6082
G	2477	6127	2505	2505	2450	6083
A	2478	6128	2506	2506	2451	6084
G	2479	6129	2507	2507	2452	6085
S	2480	6130	2508	2508	2453	6086
D	2481	6131	2509	2509	2454	6087
K	2482	6132	2510	2510	2455	6088
G	2483	6133	2511	2511	2456	6089
V	2484	6134	2512	2512	2457	6090
A	2485	6135	2513	2513	2458	6091
P	2486	6136	2514	2514	2459	6092
G	2487	6139	2515	2515	2460	6095
T	2488	6140	2516	2516	2461	6096
A	2489	6141	2517	2517	2462	6097
V	2490	6142	2518	2518	2463	6098
L	2491	6143	2519	2519	2464	6099
R	2492	6144	2520	2520	2465	6100
Q	2493	6145	2521	2521	2466	6101
W	2494	6146	2522	2522	2467	6102
L	2495	6147	2523	2523	2468	6103
P	2496	6148	2524	2524	2469	0
T	2497	6149	2525	2525	2470	0
G	2498	6150	2526	2526	2471	0
T	2499	6151	2527	2527	2472	0
L	2500	6152	2528	2528	2473	6104
L	2501	6153	2529	2529	2474	6105
V	2502	6154	2530	2530	2475	6106
D	2503	6155	2531	2531	2476	6107
S	2504	6156	2532	2532	2477	6108
D	2505	6157	2533	2533	2478	6109
L	2506	6158	2534	2534	2479	6110
N	2507	6159	2535	2535	2480	6111
D	2508	6160	2536	2536	2481	6112
F	2509	6161	2537	2537	2482	6113
V	2510	6162	2538	2538	2483	6114
S	2511	6163	2539	2539	2484	6115
D	2512	6164	2540	2540	2485	0
A	2513	6165	2541	2541	2486	0
D	2514	6166	2542	2542	2487	0
S	2515	6167	2543	2543	2488	0
T	2516	6168	2544	2544	2489	0
L	2517	6169	2545	2545	2490	0
I	2518	6170	2546	2546	2491	0
G	2519	6171	2547	2547	2492	0
D	2520	6172	2548	2548	2493	6116
C	2521	6173	2549	2549	2494	6117
A	2522	6174	2550	2550	2495	6118
T	2523	6176	2551	2551	2496	6120
V	2524	6177	2552	2552	2497	6121
H	2525	6178	2553	2553	2498	6122
T	2526	6179	2554	2554	2499	6123
A	2527	6180	2555	2555	2500	6124
N	2528	6181	2556	2556	2501	6125
K	2529	6182	2557	2557	2502	6126
W	2530	6183	2558	2558	2503	0
D	2531	6184	2559	2559	2504	0
L	2532	6185	2560	2560	2505	6127
I	2533	6186	2561	2561	2506	6128
I	2534	6187	2562	2562	2507	6129
S	2535	6188	2563	2563	2508	6130
D	2536	6189	2564	2564	2509	6131
M	2537	6190	2565	2565	2510	6132
Y	2538	6191	2566	2566	2511	6133
D	2539	6192	2567	2567	2512	6134
P	2540	6193	2568	2568	2513	6135
K	2541	6194	2569	2569	2514	6136
T	2542	6195	2570	2570	2515	6137
K	2543	6196	2571	2571	2516	6138
N	2544	6197	2572	2572	2517	6139
V	2545	6198	2573	2573	2518	6140
T	2546	6199	2574	2574	2519	6141
K	2547	6200	2575	2575	2520	6142
E	2548	6201	2576	2576	2521	6143
N	2549	6202	2577	2577	2522	6144
D	2550	6203	2578	2578	2523	6145
S	2551	6204	2579	2579	2524	6146
K	2552	6205	2580	2580	2525	6147
E	2553	6206	2581	2581	2526	6148
G	2554	6207	2582	2582	2527	6149
F	2555	6208	2583	2583	2528	6150
F	2556	6209	2584	2584	2529	6151
T	2557	6210	2585	2585	2530	6152
Y	2558	6211	2586	2586	2531	6153
I	2559	6212	2587	2587	2532	6154
C	2560	6243	2588	2588	2533	6185
G	2561	6244	2589	2589	2534	6186
F	2562	6245	2590	2590	2535	6187
I	2563	6246	2591	2591	2536	6188
Q	2564	6247	2592	2592	2537	6189
Q	2565	6248	2593	2593	2538	6190
K	2566	6249	2594	2594	2539	6191
L	2567	6250	2595	2595	2540	6192
A	2568	6251	2596	2596	2541	6193
L	2569	6252	2597	2597	2542	6194
G	2570	6253	2598	2598	2543	6195
G	2571	6254	2599	2599	2544	6196
S	2572	6255	2600	2600	2545	6197
V	2573	6256	2601	2601	2546	6198
A	2574	6257	2602	2602	2547	6199
I	2575	6258	2603	2603	2548	6200
K	2576	6287	2604	2604	2549	6229
I	2577	6288	2605	2605	2550	6230
T	2578	6289	2606	2606	2551	6231
E	2579	6290	2607	2607	2552	6232
H	2580	6291	2608	2608	2553	6233
S	2581	6292	2609	2609	2554	6234
W	2582	6293	2610	2610	2555	6235
N	2583	6294	2611	2611	2556	6236
A	2584	6295	2612	2612	2557	6237
D	2585	6296	2613	2613	2558	6238
L	2586	6297	2614	2614	2559	6239
Y	2587	6298	2615	2615	2560	6240
K	2588	6299	2616	2616	2561	6241
L	2589	6303	2617	2617	2562	6245
M	2590	6304	2618	2618	2563	6246
G	2591	6305	2619	2619	2564	6247
H	2592	6306	2620	2620	2565	6248
F	2593	6307	2621	2621	2566	6249
A	2594	6308	2622	2622	2567	6250
W	2595	6309	2623	2623	2568	6251
W	2596	6310	2624	2624	2569	6252
T	2597	6311	2625	2625	2570	6253
A	2598	6312	2626	2626	2571	6254
F	2599	6313	2627	2627	2572	6255
V	2600	6321	2628	2628	2573	6263
T	2601	6322	2629	2629	2574	6264
N	2602	6323	2630	2630	2575	6265
V	2603	6324	2631	2631	2576	6266
N	2604	6325	2632	2632	2577	6267
A	2605	6326	2633	2633	2578	6268
S	2606	6327	2634	2634	2579	6269
S	2607	6328	2635	2635	2580	6270
S	2608	6329	2636	2636	2581	6271
E	2609	6330	2637	2637	2582	6272
A	2610	6331	2638	2638	2583	6273
F	2611	6332	2639	2639	2584	6274
L	2612	6333	2640	2640	2585	6275
I	2613	6334	2641	2641	2586	6276
G	2614	6335	2642	2642	2587	6277
C	2615	6336	2643	2643	2588	6278
N	2616	6337	2644	2644	2589	6279
Y	2617	6338	2645	2645	2590	6280
L	2618	6339	2646	2646	2591	6281
G	2619	6340	2647	2647	2592	6282
K	2620	6341	2648	2648	2593	6283
P	2621	6351	2649	2649	2596	6293
R	2622	6352	2650	2650	2597	6294
E	2623	6353	2651	2651	2598	6295
Q	2624	6361	2652	2652	2599	6303
I	2625	6362	2653	2653	2600	6304
D	2626	6363	2654	2654	2601	6305
G	2627	6364	2655	2655	2602	6306
Y	2628	6365	2656	2656	2603	6307
V	2629	6366	2657	2657	2604	6308
M	2630	6367	2658	2658	2605	6309
H	2631	6368	2659	2659	2606	6310
A	2632	6369	2660	2660	2607	6311
N	2633	6370	2661	2661	2608	6312
Y	2634	6371	2662	2662	2609	6313
I	2635	6372	2663	2663	2610	6314
F	2636	6428	2664	2664	2611	6370
W	2637	6429	2665	2665	2612	6371
R	2638	6453	2666	2666	2613	6395
N	2639	6454	2667	2667	2614	6396
T	2640	6455	2668	2668	2615	6397
N	2641	6456	2669	2669	2616	6398
P	2642	6457	2670	2670	2617	6399
I	2643	6458	2671	2671	2618	6400
Q	2644	6459	2672	2672	2619	6401
L	2645	6460	2673	2673	2620	6402
S	2646	6461	2674	2674	2621	6403
S	2647	6462	2675	2675	2622	6404
Y	2648	6464	2676	2676	2623	6406
S	2649	6465	2677	2677	2624	6407
L	2650	6466	2678	2678	2625	6408
F	2651	6467	2679	2679	2626	6409
D	2652	6468	2680	2680	2627	6410
M	2653	6469	2681	2681	2628	6411
S	2654	6470	2682	2682	2629	6412
K	2655	6471	2683	2683	2630	6413
F	2656	6472	2684	2684	2631	6414
P	2657	6473	2685	2685	2632	6415
L	2658	6474	2686	2686	2633	6416
K	2659	6475	2687	2687	2634	6417
L	2660	6476	2688	2688	2635	6418
R	2661	6477	2689	2689	2636	6419
G	2662	6478	2690	2690	2637	6420
T	2663	6479	2691	2691	2638	6421
A	2664	6480	2692	2692	2639	6422
V	2665	6481	2693	2693	2640	6423
M	2666	6488	2694	2694	2641	6430
S	2667	6489	2695	2695	2642	6431
L	2668	6490	2696	2696	2643	6432
K	2669	6491	2697	2697	2644	6433
E	2670	6492	2698	2698	2645	6434
G	2671	6493	2699	2699	2646	6435
Q	2672	6515	2700	2700	2647	6457
I	2673	6516	2701	2701	2648	6458
N	2674	6517	2702	2702	2649	6459
D	2675	6518	2703	2703	2650	6460
M	2676	6519	2704	2704	2651	6461
I	2677	6520	2705	2705	2652	6462
L	2678	6521	2706	2706	2653	6463
S	2679	6522	2707	2707	2654	6464
L	2680	6523	2708	2708	2655	6465
L	2681	6524	2709	2709	2656	6466
S	2682	6525	2710	2710	2657	6467
K	2683	6526	2711	2711	2658	6468
G	2684	6527	2712	2712	2659	0
R	2685	6528	2713	2713	2660	6469
L	2686	6529	2714	2714	2661	6470
I	2687	6530	2715	2715	2662	6471
I	2688	6531	2716	2716	2663	6472
R	2689	6532	2717	2717	2664	6473
E	2690	6533	2718	2718	2665	6474
N	2691	6534	2719	2719	2666	6475
N	2692	6535	2720	2720	2667	6476
R	2693	6536	2721	2721	2668	6477
V	2694	6539	2722	2722	2669	6480
V	2695	6540	2723	2723	2670	6481
I	2696	6541	2724	2724	2671	6482
S	2697	6542	2725	2725	2672	6483
S	2698	6543	2726	2726	2673	6484
D	2699	6544	2727	2727	2674	6485
V	2700	6545	2728	2728	2675	6486
L	2701	6546	2729	2729	2676	6487
V	2702	6547	2730	2730	2677	6488
N	2703	6548	2731	2731	2678	6489
N	2704	6549	2732	2732	2679	6490
