AA	NC_045512	Alignment	AFO70498	ALR84909	NC_004718	YP_0097558	APD51484	AWV67065	AAP33698	ADK66842	CAA80855	AAP41038	NP_828852	ABE73429	QEH62670
M	1	1	1	0	1	0	0	1	1	1	0	1	1	1	0
D	2	4	0	0	2	0	0	4	2	2	0	2	2	0	0
L	3	5	2	1	3	0	1	5	3	3	1	3	3	2	1
F	4	6	3	2	4	1	2	6	4	4	2	4	4	3	2
M	5	7	4	3	5	2	3	7	5	5	3	5	5	4	3
R	6	8	5	4	6	3	4	8	6	6	4	6	6	5	4
I	7	9	6	5	7	4	5	9	7	7	5	7	7	6	5
F	8	10	7	6	8	5	6	10	8	8	6	8	8	7	6
T	9	13	10	9	9	8	9	11	9	9	9	9	9	10	9
I	10	14	11	10	10	9	10	12	10	10	10	10	10	11	10
G	11	15	12	11	11	10	11	13	11	11	11	11	11	12	11
T	12	16	13	12	12	11	12	14	12	12	12	12	12	13	12
V	13	17	14	13	13	12	13	15	13	13	13	13	13	14	13
T	14	18	15	14	14	13	14	16	14	14	14	14	14	15	14
L	15	19	16	15	15	14	15	17	15	15	15	15	15	16	15
K	16	20	17	16	16	15	16	18	16	16	16	16	16	17	16
Q	17	21	18	17	17	16	17	19	17	17	17	17	17	18	17
G	18	22	19	18	18	17	18	20	18	18	18	18	18	19	18
E	19	23	20	19	19	18	19	21	19	19	19	19	19	20	19
I	20	24	21	20	20	19	20	0	20	20	20	20	20	21	20
K	21	25	22	21	21	20	21	22	21	21	21	21	21	22	21
D	22	26	23	22	22	21	22	23	22	22	22	22	22	23	22
A	23	27	24	23	23	22	23	24	23	23	23	23	23	24	23
T	24	28	25	24	24	23	24	25	24	24	24	24	24	25	24
P	25	29	26	25	25	24	25	26	25	25	25	25	25	26	25
S	26	30	27	26	26	0	26	27	26	26	26	26	26	27	26
D	27	31	28	27	27	0	27	28	27	27	27	27	27	28	27
F	28	34	31	30	28	0	30	31	28	28	30	28	28	31	30
V	29	35	32	31	29	0	31	32	29	29	31	29	29	32	31
R	30	36	33	32	30	0	32	33	30	30	32	30	30	33	32
A	31	37	34	33	31	25	33	34	31	31	33	31	31	34	33
T	32	38	35	34	32	26	34	35	32	32	34	32	32	35	34
A	33	39	36	35	33	27	35	36	33	33	35	33	33	36	35
T	34	40	37	36	34	28	36	37	34	34	36	34	34	37	36
I	35	41	38	37	35	29	37	38	35	35	37	35	35	38	37
P	36	42	39	38	36	30	38	39	36	36	38	36	36	39	38
I	37	43	40	39	37	31	39	40	37	37	39	37	37	40	39
Q	38	44	41	40	38	32	40	41	38	38	40	38	38	41	40
A	39	45	42	41	39	33	41	42	39	39	41	39	39	42	41
S	40	46	43	42	40	34	42	43	40	40	42	40	40	43	42
L	41	47	44	43	41	35	43	44	41	41	43	41	41	44	43
P	42	57	45	44	42	36	44	54	42	42	44	42	42	45	44
F	43	58	46	45	43	37	45	55	43	43	45	43	43	46	45
G	44	59	47	46	44	38	46	56	44	44	46	44	44	47	46
W	45	60	48	47	45	39	47	57	45	45	47	45	45	48	47
L	46	61	49	48	46	40	48	58	46	46	48	46	46	49	48
I	47	62	50	49	47	41	49	59	47	47	49	47	47	50	49
V	48	63	51	50	48	42	50	60	48	48	50	48	48	51	50
G	49	64	52	51	49	43	51	61	49	49	51	49	49	52	51
V	50	67	55	54	50	46	54	64	50	50	54	50	50	55	54
A	51	68	56	55	51	47	55	65	51	51	55	51	51	56	55
L	52	69	57	56	52	48	56	66	52	52	56	52	52	57	56
L	53	70	58	57	53	49	57	67	53	53	57	53	53	58	57
A	54	71	59	58	54	50	58	68	54	54	58	54	54	59	58
V	55	72	60	59	55	51	59	0	55	55	59	55	55	60	59
F	56	73	61	60	56	52	60	0	56	56	60	56	56	61	60
Q	57	74	62	61	57	53	61	0	57	57	61	57	57	62	61
S	58	75	63	62	58	54	62	0	58	58	62	58	58	63	62
A	59	76	64	63	59	55	63	0	59	59	63	59	59	64	63
S	60	77	0	0	60	0	0	0	60	60	0	60	60	0	0
K	61	78	0	0	61	0	0	0	61	61	0	61	61	0	0
I	62	79	0	0	62	0	0	0	62	62	0	62	62	0	0
I	63	80	0	0	63	0	0	0	63	63	0	63	63	0	0
T	64	81	0	0	64	0	0	0	64	64	0	64	64	0	0
L	65	82	0	0	65	0	0	0	65	65	0	65	65	0	0
K	66	83	0	0	66	0	0	0	66	66	0	66	66	0	0
K	67	84	0	0	67	0	0	0	67	67	0	67	67	0	0
R	68	85	0	0	68	0	0	0	68	68	0	68	68	0	0
W	69	86	0	0	69	0	0	0	69	69	0	69	69	0	0
Q	70	87	0	0	70	0	0	0	70	70	0	70	70	0	0
L	71	88	0	0	71	0	0	0	71	71	0	71	71	0	0
A	72	89	0	0	72	0	0	0	72	72	0	72	72	0	0
L	73	90	0	0	73	0	0	0	73	73	0	73	73	0	0
S	74	91	0	0	74	0	0	0	74	74	0	74	74	0	0
K	75	92	0	0	75	0	0	0	75	75	0	75	75	0	0
G	76	93	0	0	76	0	0	0	76	76	0	76	76	0	0
V	77	94	0	0	77	0	0	0	77	77	0	77	77	0	0
H	78	95	0	0	78	0	0	0	78	78	0	78	78	0	0
F	79	96	0	0	79	0	0	0	79	79	0	79	79	0	0
V	80	97	0	0	80	0	0	0	80	80	0	80	80	0	0
C	81	98	0	0	81	0	0	0	81	81	0	81	81	0	0
N	82	99	0	0	82	0	0	0	82	82	0	82	82	0	0
L	83	100	0	0	83	0	0	0	83	83	0	83	83	0	0
L	84	101	0	0	84	0	0	0	84	84	0	84	84	0	0
L	85	102	0	0	85	0	0	0	85	85	0	85	85	0	0
L	86	103	0	0	86	0	0	0	86	86	0	86	86	0	0
F	87	104	0	0	87	0	0	0	87	87	0	87	87	0	0
V	88	105	0	0	88	0	0	0	88	88	0	88	88	0	0
T	89	106	65	64	89	56	64	69	89	89	64	89	89	65	64
V	90	107	66	65	90	57	65	70	90	90	65	90	90	66	65
Y	91	108	67	66	91	58	66	71	91	91	66	91	91	67	66
S	92	109	68	67	92	59	67	72	92	92	67	92	92	68	67
H	93	110	69	68	93	60	68	73	93	93	68	93	93	69	68
L	94	111	70	69	94	61	69	74	94	94	69	94	94	70	69
L	95	112	71	70	95	62	70	75	95	95	70	95	95	71	70
L	96	113	72	71	96	63	71	76	96	96	71	96	96	72	71
V	97	114	73	72	97	64	72	77	97	97	72	97	97	73	72
A	98	115	74	73	98	65	73	78	98	98	73	98	98	74	73
A	99	116	75	74	99	66	74	79	99	99	74	99	99	75	74
G	100	117	76	75	100	67	75	80	100	100	75	100	100	76	75
L	101	118	77	76	101	68	76	81	101	101	76	101	101	77	76
E	102	119	78	77	102	69	77	82	102	102	77	102	102	78	77
A	103	120	79	78	103	70	78	83	103	103	78	103	103	79	78
P	104	121	80	79	104	71	79	84	104	104	79	104	104	80	79
F	105	122	81	80	105	72	80	85	105	105	80	105	105	81	80
L	106	123	82	81	106	73	81	86	106	106	81	106	106	82	81
Y	107	124	83	82	107	74	82	87	107	107	82	107	107	83	82
L	108	125	84	83	108	75	83	88	108	108	83	108	108	84	83
Y	109	126	85	84	109	76	84	89	109	109	84	109	109	85	84
A	110	127	86	85	110	77	85	90	110	110	85	110	110	86	85
L	111	128	87	86	111	78	86	91	111	111	86	111	111	87	86
V	112	129	88	87	112	79	87	92	112	112	87	112	112	88	87
Y	113	130	89	88	113	80	88	93	113	113	88	113	113	89	88
F	114	131	90	89	114	81	89	94	114	114	89	114	114	90	89
L	115	140	99	98	115	90	98	102	115	115	98	115	115	99	98
Q	116	141	100	99	116	91	99	103	116	116	99	116	116	100	99
S	117	142	101	100	117	92	100	104	117	117	100	117	117	101	100
I	118	143	102	101	118	93	101	105	118	118	101	118	118	102	101
N	119	152	103	102	119	94	102	114	119	119	102	119	119	103	102
F	120	153	104	103	120	95	103	115	120	120	103	120	120	104	103
V	121	154	105	104	121	96	104	116	121	121	104	121	121	105	104
R	122	155	106	105	122	97	105	117	122	122	105	122	122	106	105
I	123	156	107	106	123	98	106	118	123	123	106	123	123	107	106
I	124	157	108	107	124	99	107	119	124	124	107	124	124	108	107
M	125	158	109	108	125	100	108	120	125	125	108	125	125	109	108
R	126	159	110	109	126	101	109	121	126	126	109	126	126	110	109
L	127	160	111	110	127	102	110	122	127	127	110	127	127	111	110
W	128	161	112	111	128	103	111	123	128	128	111	128	128	112	111
L	129	162	113	112	129	104	112	124	129	129	112	129	129	113	112
C	130	163	114	113	130	105	113	125	130	130	113	130	130	114	113
W	131	164	115	114	131	106	114	126	131	131	114	131	131	115	114
K	132	165	116	115	132	107	115	127	132	132	115	132	132	116	115
C	133	166	117	116	133	108	116	128	133	133	116	133	133	117	116
R	134	167	118	117	134	109	117	129	134	134	117	134	134	118	117
S	135	168	119	118	135	110	118	130	135	135	118	135	135	119	118
K	136	169	120	119	136	111	119	131	136	136	119	136	136	120	119
N	137	170	121	120	137	112	120	132	137	137	120	137	137	121	120
P	138	171	122	121	138	113	121	133	138	138	121	138	138	122	121
L	139	172	123	122	139	114	122	134	139	139	122	139	139	123	122
L	140	173	124	123	140	115	123	135	140	140	123	140	140	124	123
Y	141	174	125	124	141	116	124	136	141	141	124	141	141	125	124
D	142	175	126	125	142	117	125	137	142	142	125	142	142	126	125
A	143	176	127	126	143	118	126	138	143	143	126	143	143	127	126
N	144	177	128	127	144	119	127	139	144	144	127	144	144	128	127
Y	145	178	129	128	145	120	128	140	145	145	128	145	145	129	128
F	146	179	130	129	146	121	129	141	146	146	129	146	146	130	129
L	147	180	131	130	147	122	130	142	147	147	130	147	147	131	130
C	148	181	132	131	148	123	131	143	148	148	131	148	148	132	131
W	149	182	133	132	149	124	132	144	149	149	132	149	149	133	132
H	150	183	134	133	150	125	133	145	150	150	133	150	150	134	133
T	151	184	135	134	151	126	134	146	151	151	134	151	151	135	134
N	152	185	136	135	152	127	135	147	152	152	135	152	152	136	135
C	153	186	137	136	153	128	136	148	153	153	136	153	153	137	136
Y	154	187	138	137	154	129	137	149	154	154	137	154	154	138	137
D	155	188	139	138	155	130	138	150	155	155	0	155	155	139	138
Y	156	189	140	139	156	131	139	151	156	156	138	156	156	140	139
C	157	190	141	140	157	132	140	152	157	157	139	157	157	141	140
I	158	191	142	0	158	0	141	153	158	158	0	158	158	142	141
P	159	192	143	0	159	0	142	154	159	159	0	159	159	143	142
Y	160	193	144	0	160	0	143	155	160	160	0	160	160	144	143
N	161	194	145	0	161	0	144	156	161	161	0	161	161	145	144
S	162	195	0	0	162	0	0	157	162	162	0	162	162	0	0
V	163	196	146	141	163	133	145	158	163	163	140	163	163	146	145
T	164	197	147	142	164	134	146	159	164	164	141	164	164	147	146
S	165	198	148	143	165	135	147	160	165	165	142	165	165	148	147
S	166	199	149	144	166	136	148	161	166	166	143	166	166	149	148
I	167	200	150	145	167	137	149	162	167	167	144	167	167	150	149
V	168	201	151	146	168	138	150	163	168	168	145	168	168	151	150
I	169	202	152	147	169	139	151	164	169	169	146	169	169	152	151
T	170	203	153	148	170	140	152	165	170	170	147	170	170	153	152
S	171	204	154	149	171	141	153	166	171	171	148	171	171	154	153
G	172	205	155	150	172	142	154	167	172	172	149	172	172	155	154
D	173	206	156	151	173	143	155	168	173	173	150	173	173	156	155
G	174	207	157	152	174	144	156	169	174	174	151	174	174	157	156
T	175	208	158	153	175	145	157	170	175	175	152	175	175	158	157
T	176	209	159	154	176	146	158	171	176	176	153	176	176	159	158
S	177	210	160	155	177	147	159	172	177	177	154	177	177	160	159
P	178	211	0	0	178	0	0	0	178	178	0	178	178	0	0
I	179	212	0	0	179	0	0	0	179	179	0	179	179	0	0
S	180	213	0	0	180	0	0	0	180	180	0	180	180	0	0
E	181	214	0	0	181	0	0	0	181	181	0	181	181	0	0
H	182	215	0	0	182	0	0	0	182	182	0	182	182	0	0
D	183	216	0	0	183	0	0	0	183	183	0	183	183	0	0
Y	184	217	0	0	184	0	0	0	184	184	0	184	184	0	0
Q	185	218	0	0	185	0	0	0	185	185	0	185	185	0	0
I	186	219	161	156	186	148	160	173	186	186	155	186	186	161	160
G	187	220	162	157	187	149	161	174	187	187	156	187	187	162	161
G	188	221	163	158	188	150	162	175	188	188	157	188	188	163	162
Y	189	222	164	159	189	151	163	176	189	189	158	189	189	164	163
T	190	223	165	160	190	152	164	177	190	190	159	190	190	165	164
E	191	224	166	161	191	153	165	178	191	191	160	191	191	166	165
K	192	225	167	162	192	154	166	179	192	192	161	192	192	167	166
W	193	226	168	163	193	155	167	180	193	193	162	193	193	168	167
E	194	227	169	164	194	156	168	181	194	194	163	194	194	169	168
S	195	228	170	165	195	157	169	182	195	195	164	195	195	170	169
G	196	229	171	166	196	158	170	183	196	196	165	196	196	171	170
V	197	230	172	167	197	159	171	184	197	197	166	197	197	172	171
K	198	231	173	168	198	160	172	185	198	198	167	198	198	173	172
D	199	232	174	169	199	161	173	186	199	199	168	199	199	174	173
C	200	233	175	170	200	162	174	187	200	200	169	200	200	175	174
V	201	234	176	171	201	163	175	188	201	201	170	201	201	176	175
V	202	235	177	172	202	164	176	189	202	202	171	202	202	177	176
L	203	236	178	173	203	165	177	190	203	203	172	203	203	178	177
H	204	237	179	174	204	166	178	191	204	204	173	204	204	179	178
S	205	238	180	175	205	167	179	192	205	205	174	205	205	180	179
Y	206	239	181	176	206	168	180	193	206	206	175	206	206	181	180
F	207	240	182	177	207	169	181	194	207	207	176	207	207	182	181
T	208	241	183	178	208	170	182	195	208	208	177	208	208	183	182
S	209	242	184	179	209	171	183	196	209	209	178	209	209	184	183
D	210	243	185	180	210	172	184	197	210	210	179	210	210	185	184
Y	211	244	186	181	211	173	185	198	211	211	180	211	211	186	185
Y	212	245	187	182	212	174	186	199	212	212	181	212	212	187	186
Q	213	246	188	183	213	175	187	200	213	213	182	213	213	188	187
L	214	247	189	184	214	176	188	201	214	214	183	214	214	189	188
Y	215	248	190	185	215	177	189	202	215	215	184	215	215	190	189
S	216	249	191	186	216	178	190	203	216	216	185	216	216	191	190
T	217	250	192	187	217	179	191	204	217	217	186	217	217	192	191
Q	218	251	193	188	218	180	192	205	218	218	187	218	218	193	192
L	219	252	194	189	219	181	193	206	219	219	188	219	219	194	193
S	220	253	0	0	220	0	0	0	220	220	0	220	220	0	0
T	221	254	0	0	221	0	0	0	221	221	0	221	221	0	0
D	222	255	0	0	222	0	0	0	222	222	0	222	222	0	0
T	223	256	0	0	223	0	0	0	223	223	0	223	223	0	0
G	224	257	0	0	224	0	0	207	224	224	0	224	224	0	0
V	225	258	195	190	225	182	194	208	225	225	189	225	225	195	194
E	226	259	196	191	226	183	195	209	226	226	190	226	226	196	195
H	227	260	197	192	227	184	196	210	227	227	191	227	227	197	196
V	228	261	198	193	228	185	197	211	228	228	192	228	228	198	197
T	229	262	199	194	229	186	198	212	229	229	193	229	229	199	198
F	230	263	200	195	230	187	199	213	230	230	194	230	230	200	199
F	231	264	201	196	231	188	200	214	231	231	195	231	231	201	200
I	232	265	202	197	232	189	201	215	232	232	196	232	232	202	201
Y	233	266	203	198	233	190	202	216	233	233	197	233	233	203	202
N	234	267	204	199	234	191	203	217	234	234	198	234	234	204	203
K	235	268	205	200	235	192	204	218	235	235	199	235	235	205	204
I	236	269	0	0	236	0	0	219	236	236	0	236	236	0	0
V	237	270	0	0	237	0	0	220	237	237	0	237	237	0	0
D	238	271	0	0	238	0	0	221	238	238	0	238	238	0	0
E	239	272	0	0	239	0	0	222	239	239	0	239	239	0	0
P	240	273	0	0	240	0	0	223	240	240	0	240	240	0	0
E	241	274	206	201	0	193	205	224	0	241	200	0	0	206	205
E	242	275	207	202	241	194	206	225	241	242	201	241	241	207	206
H	243	276	208	203	242	195	207	226	242	243	202	242	242	208	207
V	244	277	209	204	243	196	208	227	243	244	203	243	243	209	208
Q	245	278	0	0	244	0	0	0	244	245	0	244	244	0	0
I	246	279	0	0	245	0	0	0	245	246	0	245	245	0	0
H	247	280	0	0	246	0	0	0	246	247	0	246	246	0	0
T	248	281	0	0	247	0	0	0	247	248	0	247	247	0	0
I	249	282	0	0	248	0	0	0	248	249	0	248	248	0	0
D	250	283	0	0	249	0	0	0	249	250	0	249	249	0	0
G	251	284	0	0	250	0	0	0	250	251	0	250	250	0	0
S	252	285	0	0	251	0	0	0	251	252	0	251	251	0	0
S	253	286	0	0	252	0	0	0	252	253	0	252	252	0	0
G	254	287	210	205	253	197	209	228	253	254	204	253	253	210	209
V	255	288	211	206	254	198	210	229	254	255	205	254	254	211	210
V	256	289	212	207	255	199	211	230	255	256	206	255	255	212	211
N	257	290	213	208	256	200	212	231	256	257	207	256	256	213	212
P	258	291	214	209	257	201	213	232	257	0	208	257	257	214	213
V	259	292	215	210	258	202	214	233	258	0	209	258	258	215	214
M	260	293	0	211	259	203	215	234	259	0	210	259	259	0	215
E	261	294	0	212	260	204	216	235	260	0	211	260	260	0	0
P	262	298	216	215	261	208	218	237	261	258	214	261	261	216	216
I	263	299	217	216	262	209	219	238	262	259	215	262	262	217	217
Y	264	300	218	217	263	210	220	0	263	260	216	263	263	218	218
D	265	301	219	218	264	211	221	0	264	261	217	264	264	219	219
E	266	302	0	0	265	0	0	0	265	262	0	265	265	0	220
P	267	303	220	0	266	212	222	0	266	263	0	266	266	220	221
T	268	304	221	219	267	213	223	0	267	264	218	267	267	221	222
T	269	305	222	220	268	214	224	0	268	265	219	268	268	222	223
T	270	306	223	221	269	215	225	0	269	266	220	269	269	0	224
T	271	307	224	222	270	216	226	0	270	267	221	270	270	0	225
S	272	308	225	223	271	217	227	0	271	268	222	271	271	0	226
V	273	309	0	224	272	0	0	0	272	269	223	272	272	0	227
P	274	310	0	0	273	0	0	0	273	270	0	273	273	0	228
L	275	311	0	0	274	0	0	0	274	271	0	274	274	0	229
