AA	NC_045512	Alignment	FJ647223	NC_038294	NC_004718	DQ112226	JX504050	AJ271965	KU740200	FJ647218	MN996527	NC_028806	AY714217	NC_019843	NC_003436	KF367457	AY994055	NC_038861	NC_002306	MG772934	AY463059	MN996528	AY597011	DQ022305
M	1	1	1	1	1	1	1	1	1	1	1	1	1	1	1	1	1	1	1	1	1	1	1	1
A	2	2	2	2	2	2	2	2	2	2	2	2	2	2	2	2	2	2	2	2	2	2	2	2
D	3	31	0	0	0	30	0	30	0	0	3	30	0	0	0	0	30	30	30	3	0	3	0	0
S	4	32	3	3	3	31	0	31	3	3	4	31	3	3	0	3	31	31	31	4	3	4	0	3
N	5	33	4	4	4	32	3	32	4	4	5	32	4	4	3	4	32	32	32	5	4	5	3	4
G	6	34	5	5	5	33	4	33	5	5	6	33	5	5	4	5	33	33	33	6	5	6	4	5
T	7	42	13	6	6	41	5	41	6	13	7	41	6	6	5	6	41	41	41	7	6	7	8	6
I	8	43	14	7	7	42	6	42	7	14	8	42	7	7	6	7	42	42	42	8	7	8	9	7
T	9	44	15	8	8	43	7	43	8	15	9	43	8	8	7	8	43	43	43	9	8	9	10	8
V	10	45	16	9	9	44	8	44	9	16	10	44	9	9	8	9	44	44	44	10	9	10	11	9
E	11	46	17	10	10	45	9	45	10	17	11	45	10	10	9	10	45	45	45	11	10	11	12	10
E	12	47	18	11	11	46	10	46	11	18	12	46	11	11	10	11	46	46	46	12	11	12	13	11
L	13	48	19	12	12	47	11	47	12	19	13	47	12	12	11	12	47	47	47	13	12	13	14	12
K	14	49	20	13	13	48	12	48	13	20	14	48	13	13	12	13	48	48	48	14	13	14	15	13
K	15	50	21	14	14	49	13	49	14	21	15	49	14	14	13	14	49	49	49	15	14	15	16	14
L	16	51	22	15	15	50	14	50	15	22	16	50	15	15	14	15	50	50	50	16	15	16	17	15
L	17	52	23	16	16	51	15	51	16	23	17	51	16	16	15	16	51	51	51	17	16	17	18	16
E	18	53	24	17	17	52	16	52	17	24	18	52	17	17	16	17	52	52	52	18	17	18	19	17
Q	19	54	25	18	18	53	17	53	18	25	19	53	18	18	17	18	53	53	53	19	18	19	20	18
W	20	55	26	19	19	54	18	54	19	26	20	54	19	19	18	19	54	54	54	20	19	20	21	19
N	21	56	27	20	20	55	19	55	20	27	21	55	20	20	19	20	55	55	55	21	20	21	22	20
L	22	57	28	21	21	56	20	56	21	28	22	56	21	21	20	21	56	56	56	22	21	22	23	21
V	23	58	29	22	22	57	21	57	22	29	23	57	22	22	21	22	57	57	57	23	22	23	24	22
I	24	59	30	23	23	58	22	58	23	30	24	58	23	23	22	23	58	58	58	24	23	24	25	23
G	25	60	31	24	24	59	23	59	24	31	25	59	24	24	23	24	59	59	59	25	24	25	26	24
F	26	61	32	25	25	60	24	60	25	32	26	60	25	25	24	25	60	60	60	26	25	26	27	25
L	27	62	33	26	26	61	25	61	26	33	27	61	26	26	25	26	61	61	61	27	26	27	28	26
F	28	63	34	27	27	62	26	62	27	34	28	62	27	27	26	27	62	62	62	28	27	28	29	27
L	29	64	35	28	28	63	27	63	28	35	29	63	28	28	27	28	63	63	63	29	28	29	30	28
T	30	65	36	29	29	64	28	64	29	36	30	64	29	29	28	29	64	64	64	30	29	30	31	29
W	31	66	37	30	30	65	29	65	30	37	31	65	30	30	29	30	65	65	65	31	30	31	32	30
I	32	67	38	31	31	66	30	66	31	38	32	66	31	31	30	31	66	66	66	32	31	32	33	31
C	33	68	39	32	32	67	31	67	32	39	33	67	32	32	31	32	67	67	67	33	32	33	34	32
L	34	69	40	33	33	68	32	68	33	40	34	68	33	33	32	33	68	68	68	34	33	34	35	33
L	35	70	41	34	34	69	33	69	34	41	35	69	34	34	33	34	69	69	69	35	34	35	36	34
Q	36	71	42	35	35	70	34	70	35	42	36	70	35	35	34	35	70	70	70	36	35	36	37	35
F	37	72	43	36	36	71	35	71	36	43	37	71	36	36	35	36	71	71	71	37	36	37	38	36
A	38	73	44	37	37	72	36	72	37	44	38	72	37	37	36	37	72	72	72	38	37	38	39	37
Y	39	74	45	38	38	73	37	73	38	45	39	73	38	38	37	38	73	73	73	39	38	39	40	38
A	40	75	46	39	39	74	38	74	39	46	40	74	39	39	38	39	74	74	74	40	39	40	41	39
N	41	76	47	40	40	75	39	75	40	47	41	75	40	40	39	40	75	75	75	41	40	41	42	40
R	42	77	48	41	41	76	40	76	41	48	42	76	41	41	40	41	76	76	76	42	41	42	43	41
N	43	78	49	42	42	77	41	77	42	49	43	77	42	42	41	42	77	77	77	43	42	43	44	42
R	44	79	50	43	43	78	42	78	43	50	44	78	43	43	42	43	78	78	78	44	43	44	45	43
F	45	80	51	44	44	79	43	79	44	51	45	79	44	44	43	44	79	79	79	45	44	45	46	44
L	46	81	52	45	45	80	44	80	45	52	46	80	45	45	44	45	80	80	80	46	45	46	47	45
Y	47	82	53	46	46	81	45	81	46	53	47	81	46	46	45	46	81	81	81	47	46	47	48	46
I	48	83	54	47	47	82	46	82	47	54	48	82	47	47	46	47	82	82	82	48	47	48	49	47
I	49	84	55	48	48	83	47	83	48	55	49	83	48	48	47	48	83	83	83	49	48	49	50	48
K	50	85	56	49	49	84	48	84	49	56	50	84	49	49	48	49	84	84	84	50	49	50	51	49
L	51	86	57	50	50	85	49	85	50	57	51	85	50	50	49	50	85	85	85	51	50	51	52	50
I	52	87	58	51	51	86	50	86	51	58	52	86	51	51	50	51	86	86	86	52	51	52	53	51
F	53	88	59	52	52	87	51	87	52	59	53	87	52	52	51	52	87	87	87	53	52	53	54	52
L	54	89	60	53	53	88	52	88	53	60	54	88	53	53	52	53	88	88	88	54	53	54	55	53
W	55	90	61	54	54	89	53	89	54	61	55	89	54	54	53	54	89	89	89	55	54	55	56	54
L	56	91	62	55	55	90	54	90	55	62	56	90	55	55	54	55	90	90	90	56	55	56	57	55
L	57	92	63	56	56	91	55	91	56	63	57	91	56	56	55	56	91	91	91	57	56	57	58	56
W	58	93	64	57	57	92	56	92	57	64	58	92	57	57	56	57	92	92	92	58	57	58	59	57
P	59	94	65	58	58	93	57	93	58	65	59	93	58	58	57	58	93	93	93	59	58	59	60	58
V	60	95	66	59	59	94	58	94	59	66	60	94	59	59	58	59	94	94	94	60	59	60	61	59
T	61	96	67	60	60	95	59	95	60	67	61	95	60	60	59	60	95	95	95	61	60	61	62	60
L	62	97	68	61	61	96	60	96	61	68	62	96	61	61	60	61	96	96	96	62	61	62	63	61
A	63	98	69	62	62	97	61	97	62	69	63	97	62	62	61	62	97	97	97	63	62	63	64	62
C	64	99	70	63	63	98	62	98	63	70	64	98	63	63	62	63	98	98	98	64	63	64	65	63
F	65	100	71	64	64	99	63	99	64	71	65	99	64	64	63	64	99	99	99	65	64	65	66	64
V	66	101	72	65	65	100	64	100	65	72	66	100	65	65	64	65	100	100	100	66	65	66	67	65
L	67	102	73	66	66	101	65	101	66	73	67	101	66	66	65	66	101	101	101	67	66	67	68	66
A	68	103	74	67	67	102	66	102	67	74	68	102	67	67	66	67	102	102	102	68	67	68	69	67
A	69	104	75	68	68	103	67	103	68	75	69	103	68	68	67	68	103	103	103	69	68	69	70	68
V	70	105	76	69	69	104	68	104	69	76	70	104	69	69	68	69	104	104	104	70	69	70	71	69
Y	71	108	77	70	70	107	71	107	70	77	71	107	70	70	71	70	107	107	107	71	70	71	72	70
R	72	109	78	71	71	108	72	108	71	78	72	108	71	71	72	71	108	108	108	72	71	72	73	71
I	73	110	79	72	72	109	73	109	72	79	73	109	72	72	73	72	109	109	109	73	72	73	74	72
N	74	111	80	73	73	110	74	110	73	80	74	110	73	73	74	73	110	110	110	74	73	74	75	73
W	75	113	81	74	74	112	75	112	74	81	75	112	74	74	75	74	112	112	112	75	74	75	76	74
I	76	114	82	75	75	113	76	113	75	82	76	113	75	75	76	75	113	113	113	76	75	76	77	75
T	77	115	83	76	76	114	77	114	76	83	77	114	76	76	77	76	114	114	114	77	76	77	78	76
G	78	116	84	77	77	115	78	115	77	84	78	115	77	77	78	77	115	115	115	78	77	78	79	77
G	79	117	85	78	78	116	79	116	78	85	79	116	78	78	79	78	116	116	116	79	78	79	80	78
I	80	118	86	79	79	117	80	117	79	86	80	117	79	79	80	79	117	117	117	80	79	80	81	79
A	81	119	87	80	80	118	81	118	80	87	81	118	80	80	81	80	118	118	118	81	80	81	82	80
I	82	120	88	81	81	119	82	119	81	88	82	119	81	81	82	81	119	119	119	82	81	82	83	81
A	83	121	89	82	82	120	83	120	82	89	83	120	82	82	83	82	120	120	120	83	82	83	84	82
M	84	122	90	83	83	121	84	121	83	90	84	121	83	83	84	83	121	121	121	84	83	84	85	83
A	85	123	91	84	84	122	85	122	84	91	85	122	84	84	85	84	122	122	122	85	84	85	86	84
C	86	124	92	85	85	123	86	123	85	92	86	123	85	85	86	85	123	123	123	86	85	86	87	85
L	87	125	93	86	86	124	87	124	86	93	87	124	86	86	87	86	124	124	124	87	86	87	88	86
V	88	126	94	87	87	125	88	125	87	94	88	125	87	87	88	87	125	125	125	88	87	88	89	87
G	89	127	95	88	88	126	89	126	88	95	89	126	88	88	89	88	126	126	126	89	88	89	90	88
L	90	128	96	89	89	127	90	127	89	96	90	127	89	89	90	89	127	127	127	90	89	90	91	89
M	91	129	97	90	90	128	91	128	90	97	91	128	90	90	91	90	128	128	128	91	90	91	92	90
W	92	130	98	91	91	129	92	129	91	98	92	129	91	91	92	91	129	129	129	92	91	92	93	91
L	93	131	99	92	92	130	93	130	92	99	93	130	92	92	93	92	130	130	130	93	92	93	94	92
S	94	132	100	93	93	131	94	131	93	100	94	131	93	93	94	93	131	131	131	94	93	94	95	93
Y	95	133	101	94	94	132	95	132	94	101	95	132	94	94	95	94	132	132	132	95	94	95	96	94
F	96	134	102	95	95	133	96	133	95	102	96	133	95	95	96	95	133	133	133	96	95	96	97	95
I	97	135	103	96	96	134	97	134	96	103	97	134	96	96	97	96	134	134	134	97	96	97	98	96
A	98	136	104	97	97	135	98	135	97	104	98	135	97	97	98	97	135	135	135	98	97	98	99	97
S	99	137	105	98	98	136	99	136	98	105	99	136	98	98	99	98	136	136	136	99	98	99	100	98
F	100	138	106	99	99	137	100	137	99	106	100	137	99	99	100	99	137	137	137	100	99	100	101	99
R	101	139	107	100	100	138	101	138	100	107	101	138	100	100	101	100	138	138	138	101	100	101	102	100
L	102	140	108	101	101	139	102	139	101	108	102	139	101	101	102	101	139	139	139	102	101	102	103	101
F	103	141	109	102	102	140	103	140	102	109	103	140	102	102	103	102	140	140	140	103	102	103	104	102
A	104	142	110	103	103	141	104	141	103	110	104	141	103	103	104	103	141	141	141	104	103	104	105	103
R	105	143	111	104	104	142	105	142	104	111	105	142	104	104	105	104	142	142	142	105	104	105	106	104
T	106	144	112	105	105	143	106	143	105	112	106	143	105	105	106	105	143	143	143	106	105	106	107	105
R	107	145	113	106	106	144	107	144	106	113	107	144	106	106	107	106	144	144	144	107	106	107	108	106
S	108	146	114	107	107	145	108	145	107	114	108	145	107	107	108	107	145	145	145	108	107	108	109	107
M	109	147	115	108	108	146	109	146	108	115	109	146	108	108	109	108	146	146	146	109	108	109	110	108
W	110	148	116	109	109	147	110	147	109	116	110	147	109	109	110	109	147	147	147	110	109	110	111	109
S	111	149	117	110	110	148	111	148	110	117	111	148	110	110	111	110	148	148	148	111	110	111	112	110
F	112	150	118	111	111	149	112	149	111	118	112	149	111	111	112	111	149	149	149	112	111	112	113	111
N	113	151	119	112	112	150	113	150	112	119	113	150	112	112	113	112	150	150	150	113	112	113	114	112
P	114	152	120	113	113	151	114	151	113	120	114	151	113	113	114	113	151	151	151	114	113	114	115	113
E	115	153	121	114	114	152	115	152	114	121	115	152	114	114	115	114	152	152	152	115	114	115	116	114
T	116	154	122	115	115	153	116	153	115	122	116	153	115	115	116	115	153	153	153	116	115	116	117	115
N	117	155	123	116	116	154	117	154	116	123	117	154	116	116	117	116	154	154	154	117	116	117	118	116
I	118	156	124	117	117	155	118	155	117	124	118	155	117	117	118	117	155	155	155	118	117	118	119	117
L	119	157	125	118	118	156	119	156	118	125	119	156	118	118	119	118	156	156	156	119	118	119	120	118
L	120	158	126	119	119	157	120	157	119	126	120	157	119	119	120	119	157	157	157	120	119	120	121	119
N	121	159	127	120	120	158	121	158	120	127	121	158	120	120	121	120	158	158	158	121	120	121	122	120
V	122	160	128	121	121	159	122	159	121	128	122	159	121	121	122	121	159	159	159	122	121	122	123	121
P	123	161	129	122	122	160	123	160	122	129	123	160	122	122	123	122	160	160	160	123	122	123	124	122
L	124	162	130	123	123	161	124	161	123	130	124	161	123	123	124	123	161	161	161	124	123	124	125	123
H	125	163	131	124	124	162	125	162	124	131	125	162	124	124	125	124	162	162	162	125	124	125	126	124
G	126	164	132	125	125	163	126	163	125	132	126	163	125	125	126	125	163	163	163	126	125	126	127	125
T	127	165	133	126	126	164	127	164	126	133	127	164	126	126	127	126	164	164	164	127	126	127	128	126
I	128	166	134	127	127	165	128	165	127	134	128	165	127	127	128	127	165	165	165	128	127	128	129	127
L	129	167	135	128	128	166	129	166	128	135	129	166	128	128	129	128	166	166	166	129	128	129	130	128
T	130	168	136	129	129	167	130	167	129	136	130	167	129	129	130	129	167	167	167	130	129	130	131	129
R	131	169	137	130	130	168	131	168	130	137	131	168	130	130	131	130	168	168	168	131	130	131	132	130
P	132	170	138	131	131	169	132	169	131	138	132	169	131	131	132	131	169	169	169	132	131	132	133	131
L	133	171	139	132	132	170	133	170	132	139	133	170	132	132	133	132	170	170	170	133	132	133	134	132
L	134	172	140	133	133	171	134	171	133	140	134	171	133	133	134	133	171	171	171	134	133	134	135	133
E	135	173	141	134	134	172	135	172	134	141	135	172	134	134	135	134	172	172	172	135	134	135	136	134
S	136	174	142	135	135	173	136	173	135	142	136	173	135	135	136	135	173	173	173	136	135	136	137	135
E	137	175	143	136	136	174	137	174	136	143	137	174	136	136	137	136	174	174	174	137	136	137	138	136
L	138	176	144	137	137	175	138	175	137	144	138	175	137	137	138	137	175	175	175	138	137	138	139	137
V	139	177	145	138	138	176	139	176	138	145	139	176	138	138	139	138	176	176	176	139	138	139	140	138
I	140	178	146	139	139	177	140	177	139	146	140	177	139	139	140	139	177	177	177	140	139	140	141	139
G	141	179	147	140	140	178	141	178	140	147	141	178	140	140	141	140	178	178	178	141	140	141	142	140
A	142	180	148	141	141	179	142	179	141	148	142	179	141	141	142	141	179	179	179	142	141	142	143	141
V	143	181	149	142	142	180	143	180	142	149	143	180	142	142	143	142	180	180	180	143	142	143	144	142
I	144	182	150	143	143	181	144	181	143	150	144	181	143	143	144	143	181	181	181	144	143	144	145	143
L	145	183	151	144	144	182	145	182	144	151	145	182	144	144	145	144	182	182	182	145	144	145	146	144
R	146	184	152	145	145	183	146	183	145	152	146	183	145	145	146	145	183	183	183	146	145	146	147	145
G	147	185	153	146	146	184	147	184	146	153	147	184	146	146	147	146	184	184	184	147	146	147	148	146
H	148	186	154	147	147	185	148	185	147	154	148	185	147	147	148	147	185	185	185	148	147	148	149	147
L	149	187	155	148	148	186	149	186	148	155	149	186	148	148	149	148	186	186	186	149	148	149	150	148
R	150	188	156	149	149	187	150	187	149	156	150	187	149	149	150	149	187	187	187	150	149	150	151	149
I	151	189	157	150	150	188	151	188	150	157	151	188	150	150	151	150	188	188	188	151	150	151	152	150
A	152	190	158	151	151	189	152	189	151	158	152	189	151	151	152	151	189	189	189	152	151	152	153	151
G	153	191	159	152	152	190	153	190	152	159	153	190	152	152	153	152	190	190	190	153	152	153	154	152
H	154	192	160	153	153	191	154	191	153	160	154	191	153	153	154	153	191	191	191	154	153	154	155	153
H	155	193	161	154	154	192	155	192	154	161	155	192	154	154	155	154	192	192	192	155	154	155	156	154
L	156	194	162	155	155	193	156	193	155	162	156	193	155	155	156	155	193	193	193	156	155	156	157	155
G	157	195	163	156	156	194	157	194	156	163	157	194	156	156	157	156	194	194	194	157	156	157	158	156
R	158	197	165	157	157	196	159	196	157	165	158	196	157	157	159	157	196	196	196	158	157	158	160	157
C	159	198	166	158	158	197	160	197	158	166	159	197	158	158	160	158	197	197	197	159	158	159	161	158
D	160	199	167	159	159	198	161	198	159	167	160	198	159	159	161	159	198	198	198	160	159	160	162	159
I	161	200	168	160	160	199	162	199	160	168	161	199	160	160	162	160	199	199	199	161	160	161	163	160
K	162	201	169	161	161	200	163	200	161	169	162	200	161	161	163	161	200	200	200	162	161	162	164	161
D	163	202	170	162	162	201	164	201	162	170	163	201	162	162	164	162	201	201	201	163	162	163	165	162
L	164	203	171	163	163	202	165	202	163	171	164	202	163	163	165	163	202	202	202	164	163	164	166	163
P	165	204	172	164	164	203	166	203	164	172	165	203	164	164	166	164	203	203	203	165	164	165	167	164
K	166	205	173	165	165	204	167	204	165	173	166	204	165	165	167	165	204	204	204	166	165	166	168	165
E	167	206	174	166	166	205	168	205	166	174	167	205	166	166	168	166	205	205	205	167	166	167	169	166
I	168	207	175	167	167	206	169	206	167	175	168	206	167	167	169	167	206	206	206	168	167	168	170	167
T	169	208	176	168	168	207	170	207	168	176	169	207	168	168	170	168	207	207	207	169	168	169	171	168
V	170	209	177	169	169	208	171	208	169	177	170	208	169	169	171	169	208	208	208	170	169	170	172	169
A	171	210	178	170	170	209	172	209	170	178	171	209	170	170	172	170	209	209	209	171	170	171	173	170
T	172	211	179	171	171	210	173	210	171	179	172	210	171	171	173	171	210	210	210	172	171	172	174	171
S	173	212	180	172	172	211	174	211	172	180	173	211	172	172	174	172	211	211	211	173	172	173	175	172
R	174	213	181	173	173	212	175	212	173	181	174	212	173	173	175	173	212	212	212	174	173	174	176	173
T	175	214	182	174	174	213	176	213	174	182	175	213	174	174	176	174	213	213	213	175	174	175	177	174
L	176	215	183	175	175	214	177	214	175	183	176	214	175	175	177	175	214	214	214	176	175	176	178	175
S	177	216	184	176	176	215	178	215	176	184	177	215	176	176	178	176	215	215	215	177	176	177	179	176
Y	178	217	185	177	177	216	179	216	177	185	178	216	177	177	179	177	216	216	216	178	177	178	180	177
Y	179	218	186	178	178	217	180	217	178	186	179	217	178	178	180	178	217	217	217	179	178	179	181	178
K	180	219	187	179	179	218	181	218	179	187	180	218	179	179	181	179	218	218	218	180	179	180	182	179
L	181	220	188	180	180	219	182	219	180	188	181	219	180	180	182	180	219	219	219	181	180	181	183	180
G	182	221	189	181	181	220	183	220	181	189	182	220	181	181	183	181	220	220	220	182	181	182	184	181
A	183	222	190	182	182	221	184	221	182	190	183	221	182	182	184	182	221	221	221	183	182	183	185	182
S	184	223	191	183	183	222	185	222	183	191	184	222	183	183	185	183	222	222	222	184	183	184	186	183
Q	185	224	192	184	184	223	186	223	184	192	185	223	184	184	186	184	223	223	223	185	184	185	187	184
R	186	226	193	185	185	225	188	225	185	193	186	225	185	185	188	185	225	225	225	186	185	186	188	185
V	187	227	194	186	186	226	189	226	186	194	187	226	186	186	189	186	226	226	226	187	186	187	189	186
A	188	228	195	187	187	227	190	227	187	195	188	227	187	187	190	187	227	227	227	188	187	188	190	187
G	189	229	196	188	188	228	191	228	188	196	189	228	188	188	191	188	228	228	228	189	188	189	191	188
D	190	230	197	189	189	229	192	229	189	197	190	229	189	189	192	189	229	229	229	190	189	190	192	189
S	191	231	198	190	190	230	193	230	190	198	191	230	190	190	193	190	230	230	230	191	190	191	193	190
G	192	232	199	191	191	231	194	231	191	199	192	231	191	191	194	191	231	231	231	192	191	192	194	191
F	193	233	200	192	192	232	195	232	192	200	193	232	192	192	195	192	232	232	232	193	192	193	195	192
A	194	234	201	193	193	233	196	233	193	201	194	233	193	193	196	193	233	233	233	194	193	194	196	193
A	195	235	202	194	194	234	197	234	194	202	195	234	194	194	197	194	234	234	234	195	194	195	197	194
Y	196	236	203	195	195	235	198	235	195	203	196	235	195	195	198	195	235	235	235	196	195	196	198	195
S	197	237	204	196	196	236	199	236	196	204	197	236	196	196	199	196	236	236	236	197	196	197	199	196
R	198	238	205	197	197	237	200	237	197	205	198	237	197	197	200	197	237	237	237	198	197	198	200	197
Y	199	239	206	198	198	238	201	238	198	206	199	238	198	198	201	198	238	238	238	199	198	199	201	198
R	200	240	207	199	199	239	202	239	199	207	200	239	199	199	202	199	239	239	239	200	199	200	202	199
I	201	241	208	200	200	240	203	240	200	208	201	240	200	200	203	200	240	240	240	201	200	201	203	200
G	202	242	209	201	201	241	204	241	201	209	202	241	201	201	204	201	241	241	241	202	201	202	204	201
N	203	243	210	202	202	242	205	242	202	210	203	242	202	202	205	202	242	242	242	203	202	203	205	202
Y	204	244	211	203	203	243	206	243	203	211	204	243	203	203	206	203	243	243	243	204	203	204	206	203
K	205	245	212	204	204	244	207	244	204	212	205	244	204	204	207	204	244	244	244	205	204	205	207	204
L	206	246	213	205	205	245	208	245	205	213	206	245	205	205	208	205	245	245	245	206	205	206	208	205
N	207	247	214	206	206	246	209	246	206	214	207	246	206	206	209	206	246	246	246	207	206	207	209	206
T	208	248	215	207	207	247	210	247	207	215	208	247	207	207	210	207	247	247	247	208	207	208	210	207
D	209	249	216	208	208	248	211	248	208	216	209	248	208	208	211	208	248	248	248	209	208	209	211	208
H	210	250	217	209	209	249	212	249	209	217	210	249	209	209	212	209	249	249	249	210	209	210	212	209
S	211	251	218	210	210	250	213	250	210	218	211	250	210	210	213	210	250	250	250	211	210	211	213	210
S	212	252	219	211	211	251	214	251	211	219	212	251	211	211	214	211	251	251	251	212	211	212	214	211
S	213	256	220	0	212	254	218	254	0	220	213	254	212	0	218	212	254	254	254	213	212	213	215	212
S	214	257	221	212	213	255	219	255	212	221	214	255	213	212	219	213	255	255	255	214	213	214	216	213
D	215	258	222	213	214	256	220	256	213	222	215	256	214	213	220	214	256	256	256	215	214	215	217	214
N	216	259	223	214	215	257	221	257	214	223	216	257	215	214	221	215	257	257	257	216	215	216	218	215
I	217	260	224	215	216	258	222	258	215	224	217	258	216	215	222	216	258	258	258	217	216	217	219	216
A	218	261	225	216	217	259	223	259	216	225	218	259	217	216	223	217	259	259	259	218	217	218	220	217
L	219	262	226	217	218	260	224	260	217	226	219	260	218	217	224	218	260	260	260	219	218	219	221	218
L	220	263	227	218	219	261	225	261	218	227	220	261	219	218	225	219	261	261	261	220	219	220	222	219
V	221	264	228	219	220	262	226	262	219	228	221	262	220	219	226	220	262	262	262	221	220	221	223	220
Q	222	265	0	0	221	0	0	0	0	0	222	0	221	0	0	221	0	0	0	222	221	222	0	221
