AA	NC_045512	Alignment	FJ647223	JX504050	NC_038294	NC_004718	FJ647218	MN996527	NC_028806	AY714217	KF367457	NC_038861	NC_002306	MG772934	AY463059	MN996528	DQ022305
M	1	8	2	0	5	1	2	1	7	1	2	4	8	2	1	1	5
F	2	9	3	0	6	2	3	2	8	2	3	5	9	3	2	2	6
V	3	11	5	3	7	3	4	3	9	3	4	6	10	4	3	3	7
F	4	12	6	4	8	4	5	4	10	4	5	7	11	5	4	4	8
L	5	13	7	5	9	5	6	5	11	5	6	8	12	6	5	5	9
V	6	14	8	6	10	6	7	6	12	6	7	9	13	7	6	6	10
L	7	15	9	7	11	7	8	7	13	7	8	10	14	8	7	7	11
L	8	16	10	8	12	8	9	8	14	8	9	11	15	9	8	8	12
P	9	17	11	0	13	9	10	9	15	9	10	12	16	10	9	9	13
L	10	18	12	9	14	10	11	10	16	10	11	13	17	11	10	10	14
V	11	19	13	10	15	11	12	11	17	11	12	14	18	12	11	11	15
S	12	20	14	11	16	12	13	12	18	12	13	15	19	13	12	12	16
S	13	21	15	12	17	13	14	13	19	13	14	16	20	14	13	13	17
Q	14	33	21	18	29	18	20	14	25	18	19	20	24	15	18	14	18
C	15	34	22	19	30	19	21	15	26	19	20	21	25	16	19	15	19
V	16	35	23	0	31	20	22	16	0	20	21	22	26	0	20	16	20
N	17	36	24	0	32	21	23	17	0	21	22	23	27	17	21	17	21
L	18	37	25	0	33	22	24	18	0	22	23	24	28	18	22	18	22
T	19	38	26	0	34	23	25	19	0	23	24	25	29	19	23	19	23
T	20	39	27	0	35	24	26	20	0	24	25	26	30	20	24	20	24
R	21	40	28	0	36	25	27	21	0	25	26	27	31	21	25	21	25
T	22	41	29	0	37	26	28	22	0	26	27	28	32	22	26	22	26
Q	23	42	30	0	38	0	29	23	0	0	0	0	0	23	0	23	0
L	24	43	31	0	39	0	30	24	0	0	0	0	0	24	0	24	0
P	25	48	35	0	44	27	34	25	0	27	28	0	0	25	27	25	27
P	26	49	36	0	45	28	35	26	0	28	29	0	0	26	28	26	28
A	27	50	37	0	46	29	36	27	0	29	30	0	0	27	29	27	29
Y	28	51	38	0	47	30	37	28	0	30	31	0	0	28	30	28	30
T	29	57	44	20	49	33	43	29	27	33	34	30	34	29	33	29	33
N	30	58	45	21	50	34	44	30	28	34	35	31	35	30	34	30	34
S	31	59	46	22	51	35	45	31	29	35	36	32	36	31	35	31	35
F	32	60	47	23	52	36	46	32	30	36	37	33	37	32	36	32	36
T	33	61	48	24	53	37	47	33	31	37	38	34	38	33	37	33	37
R	34	62	49	25	54	38	48	34	32	38	39	35	39	34	38	34	38
G	35	63	50	26	55	39	49	35	33	39	40	36	40	35	39	35	39
V	36	64	51	27	56	40	50	36	34	40	41	37	41	36	40	36	40
Y	37	65	52	28	57	41	51	37	35	41	42	38	42	37	41	37	41
Y	38	66	53	0	58	42	52	38	36	42	43	39	43	38	42	38	42
P	39	67	54	0	59	43	53	39	37	43	44	40	44	39	43	39	43
D	40	68	55	29	60	44	54	40	38	44	45	41	45	40	44	40	44
K	41	72	56	30	61	45	55	41	39	45	46	45	46	41	45	41	45
V	42	73	57	31	62	46	56	42	40	46	47	46	47	42	46	42	46
F	43	74	58	32	63	47	57	43	41	47	48	47	48	43	47	43	47
R	44	75	59	33	64	48	58	44	42	48	49	48	49	44	48	44	48
S	45	76	60	34	65	49	59	45	43	49	50	49	50	45	49	45	49
S	46	77	61	35	66	50	60	46	44	50	51	50	51	46	50	46	50
V	47	78	62	36	67	51	61	47	45	51	52	51	52	47	51	47	51
L	48	79	63	37	68	52	62	48	46	52	53	52	53	48	52	48	52
H	49	80	64	38	69	53	63	49	47	53	54	53	54	49	53	49	53
S	50	81	65	39	70	54	64	50	48	54	55	54	55	50	54	50	54
T	51	82	66	40	71	55	65	51	49	55	56	55	56	51	55	51	55
Q	52	83	67	41	72	56	66	52	50	56	57	56	57	52	56	52	56
D	53	84	68	42	73	57	67	53	51	57	58	57	58	53	57	53	57
L	54	85	69	43	74	58	68	54	52	58	59	58	59	54	58	54	58
F	55	86	70	44	75	59	69	55	53	59	60	59	60	55	59	55	59
L	56	87	0	0	0	60	0	56	0	60	61	0	0	56	60	56	60
P	57	88	71	45	76	61	70	57	54	61	62	60	61	57	61	57	61
F	58	89	72	0	77	62	71	58	55	62	63	61	62	58	62	58	62
F	59	90	73	0	78	63	72	59	56	63	64	62	0	59	63	59	63
S	60	91	74	0	79	64	73	60	57	64	65	0	0	60	64	60	64
N	61	92	75	0	80	65	74	61	58	65	66	0	0	61	65	61	65
V	62	96	76	46	84	66	75	62	59	66	67	63	63	62	66	62	66
T	63	97	77	47	85	67	76	63	60	67	68	64	64	63	67	63	67
W	64	98	78	48	86	68	77	64	61	68	69	65	65	64	68	64	68
F	65	99	79	49	87	69	78	65	62	69	70	66	66	65	69	65	69
H	66	100	80	0	88	70	79	66	0	70	71	67	67	66	70	66	70
A	67	101	81	50	89	71	80	67	63	71	72	68	68	67	71	67	71
I	68	102	82	51	90	72	81	68	64	72	73	69	69	68	72	68	72
H	69	103	83	52	91	73	82	69	65	73	74	70	70	69	73	69	73
V	70	104	84	53	92	74	83	70	66	74	75	71	71	70	74	70	74
S	71	105	85	54	93	75	84	71	67	75	76	72	72	71	75	71	75
G	72	106	86	55	94	0	85	72	68	0	0	73	73	0	0	72	0
T	73	107	87	56	95	0	86	73	69	0	0	74	74	72	0	73	76
N	74	108	88	57	96	0	87	74	70	0	0	75	75	73	0	74	77
G	75	109	89	58	97	0	88	75	71	0	0	76	76	74	0	75	78
T	76	110	90	0	98	0	89	76	0	0	0	77	77	75	0	76	79
K	77	111	91	0	99	0	90	77	0	0	0	78	78	76	0	77	80
R	78	112	92	0	100	0	91	78	0	0	0	79	79	77	0	78	81
F	79	113	93	0	101	76	92	79	0	76	77	80	80	78	76	79	82
D	80	114	94	0	102	77	93	80	0	77	78	81	81	79	77	80	83
N	81	115	95	59	103	78	94	81	72	78	79	82	82	80	78	81	84
P	82	146	96	84	104	79	95	82	98	79	80	111	113	81	79	82	85
V	83	151	98	89	109	80	97	83	103	80	81	116	118	82	80	83	86
L	84	152	99	90	110	81	98	84	104	81	82	117	119	83	81	84	87
P	85	153	100	91	111	82	99	85	105	82	83	118	120	84	82	85	88
F	86	154	101	92	112	83	100	86	106	83	84	119	121	85	83	86	89
N	87	155	102	93	113	84	101	87	107	84	85	120	122	86	84	87	90
D	88	156	103	94	114	85	102	88	108	85	86	121	123	87	85	88	91
G	89	157	104	95	115	86	103	89	109	86	87	122	124	88	86	89	92
V	90	158	105	96	116	87	104	90	110	87	88	123	125	89	87	90	93
Y	91	159	106	0	117	88	105	91	111	88	89	124	126	90	88	91	94
F	92	160	107	97	118	89	106	92	112	89	90	125	127	91	89	92	95
A	93	161	108	98	119	90	107	93	113	90	91	0	128	92	90	93	96
S	94	162	109	99	120	91	108	94	114	91	92	0	129	93	91	94	97
T	95	163	110	100	121	92	109	95	115	92	93	0	130	94	92	95	98
E	96	164	111	101	122	93	110	96	116	93	94	0	131	95	93	96	99
K	97	165	112	102	123	94	111	97	117	94	95	126	132	96	94	97	100
S	98	166	113	103	124	95	112	98	118	95	96	127	133	97	95	98	101
N	99	167	114	104	125	96	113	99	119	96	97	128	134	98	96	99	102
I	100	168	115	105	126	97	114	100	120	97	98	129	135	99	97	100	103
I	101	169	116	106	127	98	115	101	121	98	99	130	136	100	98	101	104
R	102	214	125	0	145	99	124	102	156	99	100	172	175	101	99	102	105
G	103	215	126	137	146	100	125	103	157	100	101	173	176	102	100	103	106
W	104	216	127	138	147	101	126	104	158	101	102	174	177	103	101	104	107
I	105	217	128	139	148	102	127	105	159	102	103	175	178	104	102	105	108
F	106	218	129	140	149	103	128	106	160	103	104	176	179	105	103	106	109
G	107	219	130	141	150	104	129	107	161	104	105	177	180	106	104	107	110
T	108	220	131	142	151	105	130	108	162	105	106	178	181	107	105	108	111
T	109	221	132	143	152	106	131	109	163	106	107	179	182	108	106	109	112
L	110	222	133	144	153	107	132	110	164	107	108	180	183	109	107	110	113
D	111	223	134	145	154	108	133	111	165	108	109	181	184	110	108	111	114
S	112	224	135	146	155	109	134	112	166	109	110	182	185	111	109	112	115
K	113	250	136	155	181	110	135	113	175	110	111	192	195	112	110	113	116
T	114	251	137	156	182	111	136	114	176	111	112	193	196	113	111	114	117
Q	115	252	138	157	183	112	137	115	177	112	113	194	197	114	112	115	118
S	116	253	139	158	184	113	138	116	178	113	114	195	198	115	113	116	119
L	117	254	140	160	185	114	139	117	179	114	115	196	199	116	114	117	120
L	118	255	141	161	186	115	140	118	180	115	116	197	200	117	115	118	121
I	119	256	142	162	187	116	141	119	181	116	117	198	201	118	116	119	122
V	120	257	143	163	188	117	142	120	182	117	118	199	202	119	117	120	123
N	121	258	144	164	189	118	143	121	183	118	119	200	203	120	118	121	124
N	122	259	145	165	190	119	144	122	184	119	120	201	204	121	119	122	125
A	123	260	146	166	191	120	145	123	185	120	121	202	205	122	120	123	126
T	124	261	147	169	192	121	146	124	186	121	122	203	206	123	121	124	127
N	125	262	148	170	193	122	147	125	187	122	123	204	207	124	122	125	128
V	126	263	149	171	194	123	148	126	188	123	124	205	208	125	123	126	129
V	127	264	150	172	195	124	149	127	189	124	125	206	209	126	124	127	130
I	128	270	151	178	196	125	150	128	195	125	126	211	214	127	125	128	131
K	129	271	152	179	197	126	151	129	196	126	127	212	215	128	126	129	132
V	130	272	153	180	198	127	152	130	197	127	128	213	216	129	127	130	133
C	131	273	154	181	199	128	153	131	198	128	129	214	217	130	128	131	134
E	132	274	155	182	200	129	154	132	199	129	130	215	218	131	129	132	135
F	133	275	156	183	201	130	155	133	200	130	131	216	219	132	130	133	136
Q	134	276	157	184	202	131	156	134	201	131	132	217	220	133	131	134	137
F	135	285	158	185	206	132	157	135	202	132	133	226	221	134	132	135	138
C	136	286	159	186	207	133	158	136	203	133	134	227	222	135	133	136	139
N	137	287	160	187	208	134	159	137	204	134	135	228	223	136	134	137	140
D	138	288	161	188	209	135	160	138	205	135	136	229	224	137	135	138	141
P	139	289	162	189	210	136	161	139	206	136	137	230	225	138	136	139	142
F	140	290	163	190	211	137	162	140	207	137	138	231	226	139	137	140	143
L	141	291	164	0	212	138	163	141	208	138	139	232	227	140	138	141	144
G	142	298	165	0	213	139	164	142	0	139	140	233	234	141	139	142	145
V	143	299	166	0	214	140	165	143	0	140	141	234	235	142	140	143	146
Y	144	300	167	0	215	141	166	144	0	141	142	235	236	143	141	144	147
Y	145	301	0	0	0	0	0	145	0	0	0	236	237	144	0	145	148
H	146	302	0	0	0	0	0	146	209	0	0	237	238	145	0	146	149
K	147	303	0	191	0	0	0	147	210	0	0	238	239	0	0	147	150
N	148	304	0	192	216	0	0	148	211	0	0	239	240	146	0	148	151
N	149	305	168	193	217	142	167	149	212	142	143	240	241	147	142	149	152
K	150	306	169	194	218	143	168	150	213	143	144	241	242	148	143	150	153
S	151	307	170	195	219	144	169	151	214	144	145	242	243	149	144	151	154
W	152	308	171	196	220	145	170	152	215	145	146	243	244	150	145	152	155
M	153	309	172	197	221	146	171	153	216	146	147	244	245	151	146	153	0
E	154	310	173	198	222	147	172	154	217	147	148	245	246	152	147	154	0
S	155	311	174	199	223	148	173	155	218	148	149	246	247	153	148	155	0
E	156	312	175	200	224	149	174	156	219	149	150	0	0	154	149	156	0
F	157	313	176	201	225	150	175	157	220	150	151	0	0	155	150	157	0
R	158	314	177	202	226	151	176	158	221	151	152	0	0	156	151	158	0
V	159	315	178	203	227	152	177	159	222	152	153	247	248	157	152	159	156
Y	160	316	179	204	228	153	178	160	223	153	154	248	249	158	153	160	157
S	161	317	180	205	229	154	179	161	224	154	155	249	250	159	154	161	158
S	162	318	181	206	230	155	180	162	225	155	156	250	251	160	155	162	159
A	163	319	182	207	231	156	181	163	226	156	157	251	252	161	156	163	160
N	164	320	183	0	232	157	182	164	227	157	158	252	253	162	157	164	161
N	165	321	184	208	233	158	183	165	228	158	159	253	254	163	158	165	162
C	166	324	185	209	234	159	184	166	229	159	160	254	257	164	159	166	163
T	167	325	186	210	235	160	185	167	230	160	161	255	258	165	160	167	164
F	168	326	187	211	236	161	186	168	231	161	162	256	259	166	161	168	165
E	169	327	188	212	237	162	187	169	232	162	163	257	260	167	162	169	166
Y	170	328	189	213	238	163	188	170	233	163	164	258	261	168	163	170	167
V	171	329	190	214	239	164	189	171	234	164	165	259	262	169	164	171	168
S	172	330	191	215	240	165	190	172	235	165	166	260	263	170	165	172	169
Q	173	331	192	216	241	166	191	173	236	166	167	261	264	171	166	173	170
P	174	332	193	217	242	167	192	174	237	167	168	262	265	172	167	174	171
F	175	333	194	218	243	168	193	175	238	168	169	263	266	173	168	175	172
L	176	334	195	219	244	169	194	176	239	169	170	264	267	174	169	176	173
M	177	335	196	220	245	170	195	177	240	170	171	265	268	175	170	177	174
D	178	336	197	221	246	171	196	178	241	171	172	266	269	176	171	178	175
L	179	337	198	222	247	172	197	179	242	172	173	267	270	177	172	179	176
E	180	338	199	223	248	173	198	180	243	173	174	268	271	178	173	180	177
G	181	339	200	224	249	174	199	181	244	174	175	269	272	179	174	181	178
K	182	340	0	225	0	175	0	182	245	175	176	270	273	180	175	182	179
Q	183	342	0	227	0	176	0	183	247	176	177	272	275	181	176	183	180
G	184	343	0	228	0	177	0	184	248	177	178	273	276	182	177	184	181
N	185	344	0	229	0	178	0	185	249	178	179	274	277	183	178	185	182
F	186	345	0	230	0	179	0	186	250	179	180	275	278	184	179	186	183
K	187	346	0	231	0	180	0	187	251	180	181	276	279	185	180	187	184
N	188	347	201	232	250	181	200	188	252	181	182	277	280	186	181	188	185
L	189	348	202	233	251	182	201	189	253	182	183	278	281	187	182	189	186
R	190	349	203	234	252	183	202	190	254	183	184	279	282	188	183	190	187
E	191	350	204	235	253	184	203	191	255	184	185	280	283	189	184	191	188
F	192	351	205	236	254	185	204	192	256	185	186	281	284	190	185	192	189
V	193	352	206	237	255	186	205	193	257	186	187	282	285	191	186	193	190
F	194	353	207	238	256	187	206	194	258	187	188	283	286	192	187	194	191
K	195	354	208	239	257	188	207	195	259	188	189	284	287	193	188	195	192
N	196	355	209	240	258	189	208	196	260	189	190	285	288	194	189	196	193
I	197	356	210	241	259	190	209	197	261	190	191	286	289	195	190	197	194
D	198	357	211	242	260	191	210	198	262	191	192	287	290	196	191	198	195
G	199	361	212	246	264	192	211	199	266	192	193	291	294	197	192	199	196
Y	200	362	213	247	265	193	212	200	267	193	194	292	295	198	193	200	197
F	201	363	214	248	266	194	213	201	268	194	195	293	296	199	194	201	198
K	202	364	215	249	267	195	214	202	269	195	196	294	297	200	195	202	199
I	203	365	216	250	268	196	215	203	270	196	197	295	298	201	196	203	200
Y	204	366	217	251	269	197	216	204	271	197	198	296	299	202	197	204	201
S	205	367	218	252	270	198	217	205	272	198	199	297	300	203	198	205	202
K	206	368	219	253	271	199	218	206	273	199	200	298	301	204	199	206	203
H	207	369	220	254	272	200	219	207	274	200	201	299	302	205	200	207	204
T	208	370	221	255	273	201	220	208	275	201	202	300	303	206	201	208	205
P	209	371	222	256	274	202	221	209	276	202	203	301	304	207	202	209	206
I	210	372	0	257	0	203	0	210	277	203	204	302	305	208	203	210	207
N	211	373	0	258	0	204	0	211	278	204	205	303	306	209	204	211	208
L	212	374	0	259	0	205	0	212	279	205	206	304	307	210	205	212	209
V	213	375	0	260	0	206	0	213	280	206	207	305	308	211	206	213	210
R	214	376	0	261	0	207	0	214	281	207	208	306	309	212	207	214	211
D	215	377	0	262	0	208	0	215	282	208	209	307	310	213	208	215	212
L	216	378	0	263	0	209	0	216	283	209	210	308	311	214	209	216	213
P	217	379	0	264	0	210	0	217	284	210	211	309	312	215	210	217	214
Q	218	447	0	330	0	211	0	218	347	211	212	375	380	216	211	218	215
G	219	448	0	331	0	212	0	219	348	212	213	376	381	217	212	219	216
F	220	449	0	332	0	213	0	220	349	213	214	377	382	218	213	220	217
S	221	450	223	333	275	214	222	221	350	214	215	378	383	219	214	221	218
A	222	451	224	334	276	215	223	222	351	215	216	379	384	220	215	222	219
L	223	452	225	335	277	216	224	223	352	216	217	380	385	221	216	223	220
E	224	453	226	336	278	217	225	224	353	217	218	381	386	222	217	224	221
P	225	454	227	337	279	218	226	225	354	218	219	382	387	223	218	225	222
L	226	455	228	338	280	219	227	226	355	219	220	383	388	224	219	226	223
V	227	456	229	0	281	220	228	227	356	220	221	384	389	225	220	227	224
D	228	458	230	339	283	221	229	228	357	221	222	386	391	226	221	228	225
L	229	459	231	340	284	222	230	229	358	222	223	387	392	227	222	229	226
P	230	460	232	341	285	223	231	230	359	223	224	388	393	228	223	230	227
I	231	461	233	342	286	224	232	231	360	224	225	389	394	229	224	231	228
G	232	462	234	343	287	225	233	232	361	225	226	390	395	230	225	232	229
I	233	463	235	344	288	226	234	233	362	226	227	391	396	231	226	233	230
N	234	464	236	345	289	227	235	234	363	227	228	392	397	232	227	234	231
I	235	482	237	363	290	228	236	235	381	228	229	407	412	233	228	235	232
T	236	483	238	364	291	229	237	236	382	229	230	408	413	234	229	236	233
R	237	484	239	365	292	230	238	237	383	230	231	409	414	235	230	237	234
F	238	485	240	366	293	231	239	238	384	231	232	410	415	236	231	238	235
Q	239	486	241	367	294	232	240	239	385	232	233	411	416	237	232	239	236
T	240	487	242	368	295	233	241	240	386	233	234	412	417	238	233	240	237
L	241	488	243	369	296	234	242	241	387	234	235	413	418	239	234	241	238
L	242	489	244	370	297	235	243	242	388	235	236	414	419	240	235	242	239
A	243	490	245	371	298	236	244	243	389	236	237	415	420	241	236	243	240
L	244	491	246	372	299	237	245	244	390	237	238	416	421	242	237	244	241
H	245	492	247	373	300	238	246	245	391	238	239	417	422	243	238	245	242
R	246	493	248	374	301	0	247	246	392	0	0	418	423	244	0	246	0
S	247	494	249	375	302	0	248	247	393	0	0	419	424	245	0	247	0
Y	248	495	250	376	303	0	249	248	394	0	0	420	425	246	0	248	0
L	249	496	0	377	304	0	0	249	395	0	0	421	426	0	0	249	0
T	250	497	0	378	0	0	0	250	396	0	0	422	427	0	0	250	0
P	251	498	0	379	0	0	0	251	397	0	0	423	428	0	0	251	0
G	252	518	0	399	0	239	0	252	417	239	240	443	448	247	239	252	243
D	253	519	0	400	0	240	0	253	418	240	241	444	449	248	240	253	244
S	254	520	0	401	0	241	0	254	419	241	242	445	450	249	241	254	245
S	255	521	0	402	0	242	0	255	420	242	243	446	451	250	242	255	246
S	256	522	0	403	0	243	0	256	421	243	244	447	452	251	243	256	247
G	257	528	251	405	305	244	250	257	427	244	245	449	454	252	244	257	248
W	258	529	252	406	306	245	251	258	428	245	246	450	455	253	245	258	249
T	259	530	253	407	307	246	252	259	429	246	247	451	456	254	246	259	250
A	260	531	254	408	308	247	253	260	430	247	248	452	457	255	247	260	251
G	261	532	255	409	309	248	254	261	431	248	249	453	458	256	248	261	252
A	262	533	256	410	310	249	255	262	432	249	250	454	459	257	249	262	253
A	263	534	257	411	311	250	256	263	433	250	251	455	460	258	250	263	254
A	264	535	258	412	312	251	257	264	434	251	252	456	461	259	251	264	255
Y	265	536	259	413	313	252	258	265	435	252	253	457	462	260	252	265	256
Y	266	537	260	414	314	253	259	266	436	253	254	458	463	261	253	266	257
V	267	538	261	415	315	254	260	267	437	254	255	459	464	262	254	267	258
G	268	539	262	416	316	255	261	268	438	255	256	460	465	263	255	268	259
Y	269	540	263	417	317	256	262	269	439	256	257	461	466	264	256	269	260
L	270	541	264	418	318	257	263	270	440	257	258	462	467	265	257	270	261
Q	271	542	265	419	319	258	264	271	441	258	259	463	468	266	258	271	262
P	272	543	266	420	320	259	265	272	442	259	260	464	469	267	259	272	263
R	273	544	267	421	321	260	266	273	443	260	261	465	470	268	260	273	264
T	274	545	268	422	322	261	267	274	444	261	262	466	471	269	261	274	265
F	275	546	269	423	323	262	268	275	445	262	263	467	472	270	262	275	266
L	276	547	270	424	324	263	269	276	446	263	264	468	473	271	263	276	267
L	277	548	271	425	325	264	270	277	447	264	265	469	474	272	264	277	268
K	278	549	272	426	326	265	271	278	448	265	266	470	475	273	265	278	269
Y	279	550	273	427	327	266	272	279	449	266	267	471	476	274	266	279	270
N	280	551	274	0	328	267	273	280	0	267	268	0	0	275	267	280	271
E	281	552	275	428	329	268	274	281	450	268	269	472	477	276	268	281	272
N	282	553	276	429	330	269	275	282	451	269	270	473	478	277	269	282	273
G	283	554	277	430	331	270	276	283	452	270	271	474	479	278	270	283	274
T	284	555	278	431	332	271	277	284	453	271	272	475	480	279	271	284	275
I	285	556	279	432	333	272	278	285	454	272	273	476	481	280	272	285	276
T	286	557	280	433	334	273	279	286	455	273	274	477	482	281	273	286	277
D	287	558	281	434	335	274	280	287	456	274	275	478	483	282	274	287	278
A	288	559	282	435	336	275	281	288	457	275	276	479	484	283	275	288	279
V	289	560	283	436	337	276	282	289	458	276	277	480	485	284	276	289	280
D	290	561	284	437	338	277	283	290	459	277	278	481	486	285	277	290	281
C	291	562	285	438	339	278	284	291	460	278	279	482	487	286	278	291	282
A	292	563	286	439	340	279	285	292	461	279	280	483	488	287	279	292	283
L	293	564	287	0	341	280	286	293	0	280	281	0	0	288	280	293	284
D	294	565	288	440	342	281	287	294	462	281	282	484	489	289	281	294	285
P	295	566	289	441	343	282	288	295	463	282	283	485	490	290	282	295	286
L	296	567	290	442	344	283	289	296	464	283	284	486	491	291	283	296	287
S	297	568	291	443	345	284	290	297	465	284	285	487	492	292	284	297	288
E	298	569	292	444	346	285	291	298	466	285	286	488	493	293	285	298	289
T	299	570	293	445	347	286	292	299	467	286	287	489	494	294	286	299	290
K	300	571	294	446	348	287	293	300	468	287	288	490	495	295	287	300	291
C	301	572	295	447	349	288	294	301	469	288	289	491	496	296	288	301	292
T	302	573	296	448	350	289	295	302	470	289	290	492	497	297	289	302	293
L	303	574	297	449	351	290	296	303	471	290	291	493	498	298	290	303	294
K	304	575	298	450	352	291	297	304	472	291	292	494	499	299	291	304	295
S	305	576	299	451	353	292	298	305	473	292	293	495	500	300	292	305	296
F	306	577	300	452	354	293	299	306	474	293	294	496	501	301	293	306	297
T	307	578	301	453	355	294	300	307	475	294	295	497	502	302	294	307	298
V	308	579	302	454	356	295	301	308	476	295	296	498	503	303	295	308	299
E	309	580	303	455	357	296	302	309	477	296	297	499	504	304	296	309	300
K	310	581	304	456	358	297	303	310	478	297	298	500	505	305	297	310	301
G	311	582	305	457	359	298	304	311	479	298	299	501	506	306	298	311	302
I	312	583	306	458	360	299	305	312	480	299	300	502	507	307	299	312	303
Y	313	584	307	459	361	300	306	313	481	300	301	503	508	308	300	313	304
Q	314	585	308	0	362	301	307	314	482	301	302	504	509	309	301	314	305
T	315	586	309	0	363	302	308	315	483	302	303	505	510	310	302	315	306
S	316	587	310	460	364	303	309	316	484	303	304	506	511	311	303	316	307
N	317	588	311	461	365	304	310	317	485	304	305	507	512	312	304	317	308
F	318	589	312	462	366	305	311	318	486	305	306	508	513	313	305	318	309
R	319	590	313	463	367	306	312	319	487	306	307	509	514	314	306	319	310
V	320	591	314	464	368	307	313	320	488	307	308	510	515	315	307	320	311
Q	321	592	315	465	369	308	314	321	489	308	309	511	516	316	308	321	312
P	322	593	316	466	370	309	315	322	490	309	310	512	517	317	309	322	313
T	323	594	317	467	371	310	316	323	491	310	311	513	518	318	310	323	314
E	324	595	318	468	372	311	317	324	492	311	312	514	519	319	311	324	315
S	325	596	319	469	373	312	318	325	493	312	313	515	520	320	312	325	316
I	326	597	320	470	374	313	319	326	494	313	314	0	0	321	313	326	317
V	327	598	321	471	375	314	320	327	495	314	315	0	0	322	314	327	318
R	328	599	322	472	376	315	321	328	496	315	316	516	521	323	315	328	319
F	329	600	323	473	377	316	322	329	497	316	317	517	522	324	316	329	320
P	330	601	324	474	378	317	323	330	498	317	318	518	523	325	317	330	321
N	331	602	325	475	379	318	324	331	499	318	319	519	524	326	318	331	322
I	332	603	326	476	380	319	325	332	500	319	320	520	525	327	319	332	323
T	333	604	327	477	381	320	326	333	501	320	321	521	526	328	320	333	324
N	334	605	328	478	382	321	327	334	502	321	322	522	527	329	321	334	325
L	335	606	329	0	0	322	328	335	0	322	323	0	0	330	322	335	326
C	336	607	330	0	383	323	329	336	0	323	324	0	0	331	323	336	327
P	337	608	331	0	384	324	330	337	0	324	325	0	0	332	324	337	328
F	338	609	332	0	385	325	331	338	0	325	326	0	0	333	325	338	329
G	339	610	333	0	386	326	332	339	0	326	327	0	0	334	326	339	330
E	340	611	334	0	387	327	333	340	0	327	328	0	0	335	327	340	331
V	341	612	335	0	388	328	334	341	0	328	329	0	0	336	328	341	332
F	342	613	336	479	389	329	335	342	503	329	330	523	528	337	329	342	333
N	343	614	337	480	390	330	336	343	504	330	331	524	529	338	330	343	334
A	344	615	338	481	391	331	337	344	505	331	332	525	530	339	331	344	335
T	345	616	339	482	392	332	338	345	506	332	333	526	531	340	332	345	336
R	346	617	340	483	393	333	339	346	507	333	334	527	532	341	333	346	337
F	347	618	341	484	0	334	340	347	508	334	335	528	533	342	334	347	338
A	348	619	342	485	394	335	341	348	509	335	336	529	534	343	335	348	339
S	349	620	343	486	395	336	342	349	510	336	337	530	535	344	336	349	340
V	350	621	344	487	396	337	343	350	511	337	338	531	536	345	337	350	341
Y	351	625	345	491	397	338	344	351	515	338	339	535	540	346	338	351	342
A	352	626	346	492	398	339	345	352	516	339	340	536	541	347	339	352	343
W	353	627	347	493	399	340	346	353	517	340	341	537	542	348	340	353	344
N	354	628	348	494	400	341	347	354	518	341	342	538	543	349	341	354	345
R	355	629	349	495	401	342	348	355	519	342	343	539	544	350	342	355	346
K	356	630	350	496	402	343	349	356	520	343	344	540	545	351	343	356	347
R	357	631	351	497	403	344	350	357	521	344	345	541	546	352	344	357	348
I	358	632	352	498	404	345	351	358	522	345	346	542	547	353	345	358	349
S	359	633	353	499	405	346	352	359	523	346	347	543	548	354	346	359	350
N	360	634	354	501	406	347	353	360	524	347	348	544	549	355	347	360	351
C	361	635	355	502	407	348	354	361	525	348	349	545	550	356	348	361	352
V	362	636	356	503	408	349	355	362	526	349	350	546	551	357	349	362	353
A	363	637	357	504	409	350	356	363	527	350	351	547	552	358	350	363	354
D	364	638	358	505	410	351	357	364	528	351	352	548	553	359	351	364	355
Y	365	639	359	506	411	352	358	365	529	352	353	549	554	360	352	365	356
S	366	640	360	507	412	353	359	366	530	353	354	550	555	361	353	366	357
V	367	641	361	508	413	354	360	367	531	354	355	551	556	362	354	367	358
L	368	642	362	0	414	355	361	368	0	355	356	552	557	363	355	368	359
Y	369	643	363	0	415	356	362	369	0	356	357	553	558	364	356	369	360
N	370	644	364	0	416	357	363	370	0	357	358	554	559	365	357	370	361
S	371	645	365	0	417	358	364	371	0	358	359	555	560	366	358	371	362
A	372	647	366	0	418	359	365	372	0	359	360	557	562	367	359	372	363
S	373	648	367	0	419	360	366	373	0	360	361	558	563	368	360	373	364
F	374	649	368	509	420	361	367	374	532	361	362	559	564	369	361	374	365
S	375	650	369	510	421	362	368	375	533	362	363	560	565	370	362	375	366
T	376	651	370	511	422	363	369	376	534	363	364	561	566	371	363	376	367
F	377	652	371	512	423	364	370	377	535	364	365	562	567	372	364	377	368
K	378	653	372	513	424	365	371	378	536	365	366	563	568	373	365	378	369
C	379	654	373	514	425	366	372	379	537	366	367	564	569	374	366	379	370
Y	380	655	374	515	426	367	373	380	538	367	368	565	570	375	367	380	371
G	381	656	375	516	427	368	374	381	539	368	369	566	571	376	368	381	372
V	382	657	376	517	428	369	375	382	540	369	370	567	572	377	369	382	373
S	383	658	377	518	429	370	376	383	541	370	371	568	573	378	370	383	374
P	384	659	378	519	430	371	377	384	542	371	372	569	574	379	371	384	375
T	385	660	379	520	431	372	378	385	543	372	373	570	575	380	372	385	376
K	386	661	380	521	432	373	379	386	544	373	374	571	576	381	373	386	377
L	387	662	381	522	433	374	380	387	545	374	375	572	577	382	374	387	378
N	388	663	382	523	434	375	381	388	546	375	376	573	578	383	375	388	379
D	389	664	383	524	435	376	382	389	547	376	377	574	579	384	376	389	380
L	390	669	384	525	436	377	383	390	548	377	378	579	584	385	377	390	381
C	391	670	385	526	437	378	384	391	549	378	379	580	585	386	378	391	382
F	392	671	386	527	438	379	385	392	550	379	380	581	586	387	379	392	383
T	393	672	387	528	439	380	386	393	551	380	381	582	587	388	380	393	384
N	394	673	388	529	440	381	387	394	552	381	382	583	588	389	381	394	385
V	395	674	389	530	441	382	388	395	553	382	383	584	589	390	382	395	386
Y	396	675	390	0	442	383	389	396	0	383	384	585	590	391	383	396	387
A	397	676	391	0	443	384	390	397	0	384	385	586	591	392	384	397	388
D	398	677	392	0	444	385	391	398	0	385	386	587	592	393	385	398	389
S	399	678	393	0	445	386	392	399	0	386	387	588	593	394	386	399	390
F	400	679	394	0	446	387	393	400	0	387	388	589	594	395	387	400	391
V	401	680	395	0	447	388	394	401	0	388	389	0	0	396	388	401	392
I	402	681	396	0	448	389	395	402	0	389	390	0	0	397	389	402	393
R	403	682	397	0	449	390	396	403	0	390	391	0	0	398	390	403	394
G	404	683	398	0	450	391	397	404	0	391	392	0	0	399	391	404	395
D	405	684	399	0	451	392	398	405	0	392	393	0	0	400	392	405	396
E	406	685	400	0	452	393	399	406	0	393	394	0	0	401	393	406	397
V	407	686	401	0	453	394	400	407	0	394	395	0	0	402	394	407	398
R	408	687	402	0	454	395	401	408	0	395	396	0	0	403	395	408	399
Q	409	688	403	0	455	396	402	409	0	396	397	0	0	404	396	409	400
I	410	689	404	0	456	397	403	410	0	397	398	0	0	405	397	410	401
A	411	690	405	0	457	398	404	411	0	398	399	0	0	406	398	411	402
P	412	691	406	0	458	399	405	412	0	399	400	0	0	407	399	412	403
G	413	692	407	0	459	400	406	413	0	400	401	0	0	408	400	413	404
Q	414	693	408	0	460	401	407	414	0	401	402	590	595	409	401	414	405
T	415	694	409	0	461	402	408	415	0	402	403	591	596	410	402	415	406
G	416	695	410	0	462	403	409	416	0	403	404	592	597	411	403	416	407
K	417	696	411	0	463	404	410	417	0	404	405	593	598	412	404	417	408
I	418	697	412	531	464	405	411	418	554	405	406	594	599	413	405	418	409
A	419	698	413	532	465	406	412	419	555	406	407	595	600	414	406	419	410
D	420	699	414	533	466	407	413	420	556	407	408	596	601	415	407	420	411
Y	421	700	415	534	467	408	414	421	557	408	409	597	602	416	408	421	412
N	422	701	416	535	468	409	415	422	558	409	410	598	603	417	409	422	413
Y	423	702	417	536	469	410	416	423	559	410	411	599	604	418	410	423	414
K	424	703	418	537	470	411	417	424	560	411	412	600	605	419	411	424	415
L	425	704	419	538	471	412	418	425	561	412	413	601	606	420	412	425	416
P	426	705	420	539	472	413	419	426	562	413	414	602	607	421	413	426	417
D	427	706	421	540	473	414	420	427	563	414	415	603	608	422	414	427	418
D	428	707	422	546	474	415	421	428	564	415	416	604	609	423	415	428	419
F	429	708	423	547	475	416	422	429	565	416	417	605	610	424	416	429	420
T	430	709	424	548	476	417	423	430	566	417	418	606	611	425	417	430	421
G	431	710	425	549	477	418	424	431	567	418	419	607	612	426	418	431	422
C	432	711	426	550	478	419	425	432	568	419	420	608	613	427	419	432	423
V	433	712	427	551	479	420	426	433	569	420	421	609	614	428	420	433	424
I	434	713	428	552	480	421	427	434	570	421	422	610	615	429	421	434	425
A	435	714	429	553	481	422	428	435	571	422	423	611	616	430	422	435	426
W	436	715	430	554	482	423	429	436	572	423	424	612	617	431	423	436	427
N	437	716	431	555	483	424	430	437	573	424	425	613	618	432	424	437	428
S	438	717	432	556	484	425	431	438	574	425	426	614	619	433	425	438	429
N	439	718	433	557	485	426	432	439	575	426	427	615	620	434	426	439	430
N	440	719	434	558	486	427	433	440	576	427	428	616	621	435	427	440	431
L	441	720	435	559	487	428	434	441	577	428	429	617	622	436	428	441	432
D	442	721	436	560	488	429	435	442	578	429	430	618	623	437	429	442	433
S	443	722	437	561	489	430	436	443	579	430	431	619	624	438	430	443	434
K	444	723	438	562	490	431	437	444	580	431	432	620	625	439	431	444	435
V	445	724	439	563	491	432	438	445	581	432	433	621	626	0	432	445	0
G	446	725	440	564	492	433	439	446	582	433	434	622	627	0	433	446	0
G	447	730	445	0	0	434	444	447	0	434	435	0	0	0	434	447	0
N	448	731	446	0	0	435	445	448	0	435	436	0	0	0	435	448	0
Y	449	732	447	0	0	436	446	449	0	436	437	0	0	0	436	449	0
N	450	733	448	0	496	437	447	450	0	437	438	0	0	440	437	450	436
Y	451	734	449	0	497	438	448	451	0	438	439	0	0	441	438	451	437
L	452	735	450	0	498	439	449	452	0	439	440	0	0	442	439	452	438
Y	453	736	451	0	499	440	450	453	0	440	441	0	0	443	440	453	439
R	454	737	452	0	0	441	451	454	0	441	442	0	0	444	441	454	440
L	455	738	453	0	500	442	452	455	0	442	443	0	0	445	442	455	441
F	456	739	454	0	501	443	453	456	0	443	444	0	0	446	443	456	442
R	457	740	455	0	502	444	454	457	0	444	445	0	0	447	444	457	443
K	458	741	456	0	503	445	455	458	0	445	446	0	0	448	445	458	444
S	459	742	457	0	504	446	456	459	0	446	447	0	0	449	446	459	445
N	460	743	458	0	505	447	457	460	0	447	448	0	0	450	447	460	446
L	461	744	459	0	506	448	458	461	0	448	449	0	0	451	448	461	447
K	462	745	460	0	507	449	459	462	0	449	450	0	0	452	449	462	448
P	463	746	461	0	508	450	460	463	0	450	451	0	0	453	450	463	449
F	464	747	462	0	509	451	461	464	0	451	452	0	0	454	451	464	450
E	465	748	463	0	510	452	462	465	0	452	453	0	0	455	452	465	451
R	466	749	464	0	511	453	463	466	0	453	454	0	0	456	453	466	452
D	467	750	465	0	0	454	464	467	0	454	455	0	0	457	454	467	453
I	468	751	466	0	0	455	465	468	0	455	456	0	0	458	455	468	454
S	469	752	467	0	0	456	466	469	0	456	457	0	0	459	456	469	455
T	470	762	477	0	512	457	476	470	0	457	458	0	0	460	457	470	456
E	471	763	478	0	513	458	477	471	0	458	459	0	0	461	458	471	457
I	472	764	479	0	514	459	478	472	0	459	460	0	0	0	459	472	0
Y	473	765	480	0	515	460	479	473	0	460	461	0	0	0	460	473	0
Q	474	766	481	0	516	461	480	474	0	461	462	0	0	0	461	474	0
A	475	767	482	0	517	462	481	475	0	462	463	0	0	0	462	475	0
G	476	768	483	0	518	463	482	476	0	463	464	0	0	0	463	476	458
S	477	769	484	0	519	464	483	477	0	464	465	0	0	0	464	477	459
T	478	774	489	565	524	465	488	478	583	465	466	623	628	0	465	478	0
P	479	775	490	566	525	466	489	479	584	466	467	624	629	0	466	479	0
C	480	776	491	567	526	467	490	480	585	467	468	625	630	0	467	480	0
N	481	778	492	568	527	468	492	481	586	468	469	626	631	0	468	481	0
G	482	779	493	569	528	469	493	482	587	469	470	627	632	0	469	482	0
V	483	780	494	570	529	0	494	483	588	0	0	628	633	0	0	483	0
E	484	781	495	571	530	470	495	484	589	470	471	629	634	0	470	484	0
G	485	782	496	572	531	471	496	485	590	471	472	630	635	0	471	485	0
F	486	806	520	0	0	472	0	486	0	472	473	0	0	462	472	486	0
N	487	807	521	0	0	473	0	487	0	473	474	0	0	463	473	487	460
C	488	808	522	0	0	474	0	488	0	474	475	0	0	464	474	488	461
Y	489	814	528	573	545	475	0	489	591	475	476	631	636	465	475	489	462
F	490	815	529	574	546	476	0	490	592	476	477	632	637	466	476	490	463
P	491	816	530	575	547	477	0	491	593	477	478	633	638	467	477	491	464
L	492	817	531	576	548	478	0	492	594	478	479	634	639	468	478	492	465
Q	493	818	532	577	549	479	0	493	595	479	480	635	640	469	479	493	466
S	494	819	533	578	550	480	0	494	596	480	481	636	641	470	480	494	467
Y	495	820	534	579	551	481	0	495	597	481	482	637	642	471	481	495	468
G	496	821	535	580	552	482	0	496	598	482	483	638	643	472	482	496	469
F	497	863	574	581	553	483	533	497	599	483	484	639	644	473	483	497	470
Q	498	864	575	582	554	484	534	498	600	484	485	640	645	474	484	498	471
P	499	865	576	583	555	485	535	499	601	485	486	641	646	475	485	499	472
T	500	866	577	584	556	486	536	500	602	486	487	642	647	476	486	500	473
N	501	867	578	585	557	487	537	501	603	487	488	643	648	477	487	501	474
G	502	868	579	586	558	488	538	502	604	488	489	644	649	478	488	502	475
V	503	869	580	587	559	489	539	503	605	489	490	645	650	479	489	503	476
G	504	870	581	588	560	490	540	504	606	490	491	646	651	480	490	504	477
Y	505	872	583	590	561	491	542	505	608	491	492	647	652	481	491	505	478
Q	506	873	584	591	562	492	543	506	609	492	493	648	653	482	492	506	479
P	507	874	585	592	563	493	544	507	610	493	494	649	654	483	493	507	480
Y	508	875	586	593	564	494	545	508	611	494	495	650	655	484	494	508	481
R	509	876	587	594	565	495	546	509	612	495	496	651	656	485	495	509	482
V	510	877	588	595	566	496	547	510	613	496	497	652	657	486	496	510	483
V	511	878	589	596	567	497	548	511	614	497	498	653	658	487	497	511	484
V	512	879	590	597	568	498	549	512	615	498	499	654	659	488	498	512	485
L	513	880	591	598	569	499	550	513	616	499	500	655	660	489	499	513	486
S	514	881	592	599	570	500	551	514	617	500	501	656	661	490	500	514	487
F	515	882	593	600	571	501	552	515	618	501	502	657	662	491	501	515	488
E	516	883	594	601	572	502	553	516	619	502	503	658	663	492	502	516	489
L	517	888	595	606	573	503	554	517	624	503	504	663	668	493	503	517	490
L	518	889	596	607	574	504	555	518	625	504	505	664	669	494	504	518	491
H	519	890	597	608	575	505	556	519	626	505	506	665	670	495	505	519	492
A	520	891	598	609	576	506	557	520	627	506	507	666	671	496	506	520	493
P	521	896	601	610	581	507	560	521	628	507	508	667	672	497	507	521	494
A	522	897	602	611	582	508	561	522	629	508	509	668	673	498	508	522	495
T	523	898	603	612	583	509	562	523	630	509	510	669	674	499	509	523	496
V	524	899	604	613	584	510	563	524	631	510	511	670	675	500	510	524	497
C	525	900	605	614	585	511	564	525	632	511	512	671	676	501	511	525	498
G	526	901	606	615	586	512	565	526	633	512	513	672	677	502	512	526	499
P	527	902	607	616	587	513	566	527	634	513	514	673	678	503	513	527	500
K	528	903	608	617	588	514	567	528	635	514	515	674	679	504	514	528	501
K	529	904	609	618	589	515	568	529	636	515	516	675	680	505	515	529	502
S	530	908	613	619	593	516	572	530	637	516	517	676	681	506	516	530	503
T	531	909	614	620	594	517	573	531	638	517	518	677	682	507	517	531	504
N	532	910	615	621	595	518	574	532	639	518	519	678	683	508	518	532	505
L	533	911	616	622	596	519	575	533	640	519	520	679	684	509	519	533	506
V	534	912	617	623	597	520	576	534	641	520	521	680	685	510	520	534	507
K	535	915	618	624	600	521	577	535	642	521	522	681	686	511	521	535	508
N	536	916	619	625	601	522	578	536	643	522	523	682	687	512	522	536	509
K	537	917	620	626	602	523	579	537	644	523	524	683	688	513	523	537	510
C	538	918	621	627	603	524	580	538	645	524	525	684	689	514	524	538	511
V	539	919	622	628	604	525	581	539	646	525	526	685	690	515	525	539	512
N	540	920	623	629	605	526	582	540	647	526	527	686	691	516	526	540	513
F	541	921	624	630	606	527	583	541	648	527	528	687	692	517	527	541	514
N	542	922	625	631	607	528	584	542	649	528	529	688	693	518	528	542	515
F	543	923	626	632	608	529	585	543	650	529	530	689	694	519	529	543	516
N	544	924	627	633	609	530	586	544	651	530	531	690	695	520	530	544	517
G	545	925	628	634	610	531	587	545	652	531	532	691	696	521	531	545	518
L	546	926	629	635	611	532	588	546	653	532	533	692	697	522	532	546	519
T	547	927	630	636	612	533	589	547	654	533	534	693	698	523	533	547	520
G	548	928	631	637	613	534	590	548	655	534	535	694	699	524	534	548	521
T	549	929	632	638	614	535	591	549	656	535	536	695	700	525	535	549	522
G	550	930	633	639	615	536	592	550	657	536	537	696	701	526	536	550	523
V	551	931	634	640	616	537	593	551	658	537	538	697	702	527	537	551	524
L	552	932	635	641	617	538	594	552	659	538	539	698	703	528	538	552	525
T	553	933	636	642	618	539	595	553	660	539	540	699	704	529	539	553	526
E	554	934	637	643	619	540	596	554	661	540	541	700	705	530	540	554	527
S	555	935	638	644	620	541	597	555	662	541	542	701	706	531	541	555	528
N	556	936	639	645	621	542	598	556	663	542	543	702	707	532	542	556	529
K	557	937	640	646	622	543	599	557	664	543	544	703	708	533	543	557	530
K	558	938	641	647	623	544	600	558	665	544	545	704	709	534	544	558	531
F	559	939	642	648	624	545	601	559	666	545	546	705	710	535	545	559	532
L	560	940	643	649	625	546	602	560	667	546	547	706	711	536	546	560	533
P	561	942	645	650	626	547	604	561	668	547	548	707	712	537	547	561	534
F	562	943	646	651	627	548	605	562	669	548	549	708	713	538	548	562	535
Q	563	944	647	652	628	549	606	563	670	549	550	709	714	539	549	563	536
Q	564	945	648	653	629	550	607	564	671	550	551	710	715	540	550	564	537
F	565	946	649	654	630	551	608	565	672	551	552	711	716	541	551	565	538
G	566	947	650	655	631	552	609	566	673	552	553	712	717	542	552	566	539
R	567	948	651	656	632	553	610	567	674	553	554	713	718	543	553	567	540
D	568	949	652	657	633	554	611	568	675	554	555	714	719	544	554	568	541
I	569	950	653	0	634	555	612	569	0	555	556	0	0	545	555	569	542
A	570	951	654	658	635	556	613	570	676	556	557	715	720	546	556	570	543
D	571	952	655	659	636	557	614	571	677	557	558	716	721	547	557	571	544
T	572	953	656	660	637	558	615	572	678	558	559	717	722	548	558	572	545
T	573	954	657	661	638	559	616	573	679	559	560	718	723	549	559	573	546
D	574	955	658	662	639	560	617	574	680	560	561	719	724	550	560	574	547
A	575	956	659	663	640	561	618	575	681	561	562	720	725	551	561	575	548
V	576	957	660	664	641	562	619	576	682	562	563	721	726	552	562	576	549
R	577	958	661	665	642	563	620	577	683	563	564	722	727	553	563	577	550
D	578	959	662	666	643	564	621	578	684	564	565	723	728	554	564	578	551
P	579	960	663	667	0	565	622	579	685	565	566	724	729	555	565	579	552
Q	580	961	664	668	644	566	623	580	686	566	567	725	730	556	566	580	553
T	581	962	665	669	645	567	624	581	687	567	568	726	731	557	567	581	554
L	582	963	666	670	646	568	625	582	688	568	569	727	732	558	568	582	555
E	583	964	667	671	647	569	626	583	689	569	570	728	733	559	569	583	556
I	584	965	668	672	648	570	627	584	690	570	571	729	734	560	570	584	557
L	585	966	669	673	649	571	628	585	691	571	572	730	735	561	571	585	558
D	586	967	670	674	650	572	629	586	692	572	573	731	736	562	572	586	559
I	587	968	671	675	651	573	630	587	693	573	574	732	737	563	573	587	560
T	588	969	672	676	652	574	631	588	694	574	575	733	738	564	574	588	561
P	589	970	673	677	653	575	632	589	695	575	576	734	739	565	575	589	562
C	590	971	674	678	654	576	633	590	696	576	577	735	740	566	576	590	563
S	591	972	675	679	655	577	634	591	697	577	578	736	741	567	577	591	564
F	592	973	676	680	656	578	635	592	698	578	579	737	742	568	578	592	565
G	593	974	677	681	657	579	636	593	699	579	580	738	743	569	579	593	566
G	594	975	678	682	658	580	637	594	700	580	581	739	744	570	580	594	567
V	595	976	679	683	659	581	638	595	701	581	582	740	745	571	581	595	568
S	596	977	680	684	660	582	639	596	702	582	583	741	746	572	582	596	569
V	597	978	681	685	661	583	640	597	703	583	584	742	747	573	583	597	570
I	598	979	682	686	662	584	641	598	704	584	585	743	748	574	584	598	571
T	599	980	683	687	663	585	642	599	705	585	586	744	749	575	585	599	572
P	600	981	684	688	664	586	643	600	706	586	587	745	750	576	586	600	573
G	601	982	685	689	665	587	644	601	707	587	588	746	751	577	587	601	574
T	602	983	686	690	666	588	645	602	708	588	589	747	752	578	588	602	575
N	603	984	0	691	667	589	0	603	709	589	590	748	753	579	589	603	576
T	604	985	0	692	668	590	0	604	710	590	591	749	754	580	590	604	577
S	605	986	687	693	669	591	646	605	711	591	592	750	755	581	591	605	578
N	606	987	688	694	670	592	647	606	712	592	593	751	756	582	592	606	579
Q	607	988	689	695	0	593	648	607	713	593	594	752	757	583	593	607	580
V	608	989	690	696	0	594	649	608	714	594	595	753	758	584	594	608	581
A	609	990	691	697	671	595	650	609	715	595	596	754	759	585	595	609	582
V	610	991	692	698	672	596	651	610	716	596	597	755	760	586	596	610	583
L	611	992	693	699	673	597	652	611	717	597	598	756	761	587	597	611	584
Y	612	993	694	700	674	598	653	612	718	598	599	757	762	588	598	612	585
Q	613	994	695	701	675	599	654	613	719	599	600	758	763	589	599	613	586
D	614	995	696	702	676	600	655	614	720	600	601	759	764	590	600	614	587
V	615	996	697	703	677	601	656	615	721	601	602	760	765	591	601	615	588
N	616	997	698	706	678	602	657	616	722	602	603	761	766	592	602	616	589
C	617	998	699	707	679	603	658	617	723	603	604	762	767	593	603	617	590
T	618	999	700	708	680	604	659	618	724	604	605	763	768	594	604	618	591
E	619	1000	701	709	681	605	660	619	725	605	606	764	769	595	605	619	592
V	620	1001	702	0	682	606	661	620	0	606	607	765	770	596	606	620	593
P	621	1002	703	0	683	607	662	621	0	607	608	766	771	597	607	621	594
V	622	1003	704	0	684	608	663	622	0	608	609	0	0	598	608	622	595
A	623	1004	705	0	685	609	664	623	0	609	610	0	0	599	609	623	596
I	624	1005	706	0	686	610	665	624	0	610	611	0	0	600	610	624	597
H	625	1008	707	0	689	611	666	625	0	611	612	0	0	601	611	625	598
A	626	1009	708	0	690	612	667	626	0	612	613	0	0	602	612	626	599
D	627	1010	709	0	691	613	668	627	0	613	614	0	0	603	613	627	600
Q	628	1011	710	0	692	614	669	628	0	614	615	0	0	604	614	628	601
L	629	1012	711	710	693	615	670	629	726	615	616	767	772	605	615	629	602
T	630	1013	712	711	694	616	671	630	727	616	617	768	773	606	616	630	603
P	631	1014	713	712	695	617	672	631	728	617	618	769	774	607	617	631	604
T	632	1015	0	713	696	618	0	632	729	618	619	770	775	608	618	632	605
W	633	1016	0	714	697	619	0	633	730	619	620	771	776	609	619	633	606
R	634	1017	0	715	698	620	0	634	731	620	621	772	777	610	620	634	607
V	635	1018	0	716	699	621	0	635	732	621	622	773	778	611	621	635	608
Y	636	1019	0	717	700	622	0	636	733	622	623	774	779	612	622	636	609
S	637	1020	0	718	701	623	0	637	734	623	624	775	780	613	623	637	610
T	638	1021	0	0	702	624	0	638	0	624	625	776	781	614	624	638	611
G	639	1022	0	0	703	625	0	639	0	625	626	777	782	615	625	639	612
S	640	1023	714	0	704	626	673	640	0	626	627	778	783	616	626	640	613
N	641	1024	715	0	705	627	674	641	0	627	628	779	784	617	627	641	614
V	642	1025	716	0	706	628	675	642	0	628	629	780	785	618	628	642	615
F	643	1026	717	0	707	629	676	643	0	629	630	781	786	619	629	643	616
Q	644	1027	718	0	708	630	677	644	0	630	631	782	787	620	630	644	617
T	645	1028	719	0	709	631	678	645	0	631	632	783	788	621	631	645	618
R	646	1029	720	0	710	632	679	646	0	632	633	784	789	622	632	646	619
A	647	1030	721	0	711	633	680	647	0	633	634	785	790	623	633	647	620
G	648	1031	722	0	712	634	681	648	0	634	635	786	791	624	634	648	621
C	649	1032	723	0	713	635	682	649	0	635	636	787	792	625	635	649	622
L	650	1033	724	0	714	636	683	650	0	636	637	788	793	626	636	650	623
I	651	1034	725	0	715	637	684	651	0	637	638	789	794	627	637	651	624
G	652	1035	726	0	716	638	685	652	0	638	639	790	795	628	638	652	625
A	653	1036	727	719	717	639	686	653	735	639	640	791	796	629	639	653	626
E	654	1037	728	720	718	640	687	654	736	640	641	792	797	630	640	654	627
H	655	1038	729	721	719	641	688	655	737	641	642	793	798	631	641	655	628
V	656	1039	730	722	720	642	689	656	738	642	643	794	799	632	642	656	629
N	657	1042	733	0	722	643	692	657	0	643	644	0	0	633	643	657	630
N	658	1043	734	0	723	644	693	658	0	644	645	0	0	634	644	658	631
S	659	1044	735	0	724	645	694	659	0	645	646	0	0	635	645	659	632
Y	660	1045	736	0	725	646	695	660	0	646	647	0	0	636	646	660	633
E	661	1046	737	723	726	647	696	661	739	647	648	795	800	637	647	661	634
C	662	1047	738	724	727	648	697	662	740	648	649	796	801	638	648	662	635
D	663	1048	739	725	728	649	698	663	741	649	650	0	0	639	649	663	636
I	664	1049	740	726	729	650	699	664	742	650	651	797	802	640	650	664	637
P	665	1050	741	727	730	651	700	665	743	651	652	798	803	641	651	665	638
I	666	1051	742	728	731	652	701	666	744	652	653	799	804	642	652	666	639
G	667	1056	743	733	732	653	702	667	749	653	654	804	809	643	653	667	640
A	668	1057	744	734	733	654	703	668	750	654	655	805	810	644	654	668	641
G	669	1058	745	735	734	655	704	669	751	655	656	806	811	645	655	669	642
I	670	1059	746	736	735	656	705	670	752	656	657	807	812	646	656	670	643
C	671	1060	747	737	736	657	706	671	753	657	658	808	813	647	657	671	644
A	672	1061	748	738	737	658	707	672	754	658	659	809	814	648	658	672	645
S	673	1062	749	739	738	659	708	673	755	659	660	810	815	649	659	673	646
Y	674	1063	750	740	739	660	709	674	756	660	661	811	816	650	660	674	647
Q	675	1064	751	741	740	661	710	675	757	661	662	812	817	651	661	675	648
T	676	1065	752	742	741	662	711	676	758	662	663	813	818	652	662	676	649
Q	677	1066	753	743	742	663	712	677	759	663	664	814	819	653	663	677	650
T	678	1067	754	744	743	664	713	678	760	664	665	815	820	654	664	678	651
N	679	1068	0	0	0	0	0	679	0	0	0	0	0	0	0	679	0
S	680	1069	0	0	0	0	0	680	0	0	0	0	0	0	0	680	0
P	681	1070	0	0	0	0	0	681	0	0	0	0	0	0	0	681	0
R	682	1071	0	0	0	0	0	682	0	0	0	0	0	0	0	682	0
R	683	1072	0	0	744	665	0	683	0	665	666	0	0	655	665	683	652
A	684	1073	0	0	745	666	0	684	0	666	667	0	0	656	666	684	653
R	685	1074	0	0	746	667	0	685	0	667	668	0	0	657	667	685	654
S	686	1075	0	0	747	668	0	686	0	668	669	0	0	658	668	686	655
V	687	1076	755	0	748	669	714	687	0	669	670	0	0	659	669	687	656
A	688	1077	756	0	749	670	715	688	0	670	671	0	0	660	670	688	657
S	689	1078	757	0	750	671	716	689	0	671	672	0	0	661	671	689	658
Q	690	1079	758	0	751	672	717	690	0	672	673	0	0	662	672	690	659
S	691	1080	759	0	752	673	718	691	0	673	674	0	0	663	673	691	660
I	692	1081	760	0	753	674	719	692	0	674	675	0	0	664	674	692	661
I	693	1082	761	0	754	675	720	693	0	675	676	0	0	665	675	693	662
A	694	1083	762	0	755	676	721	694	0	676	677	0	0	666	676	694	663
Y	695	1088	764	745	760	677	723	695	761	677	678	816	821	667	677	695	664
T	696	1089	765	747	761	678	724	696	762	678	679	817	822	668	678	696	665
M	697	1090	766	748	762	679	725	697	763	679	680	818	823	669	679	697	666
S	698	1091	767	749	763	680	726	698	764	680	681	819	824	670	680	698	667
L	699	1092	768	750	764	681	727	699	765	681	682	820	825	671	681	699	668
G	700	1093	769	751	765	682	728	700	766	682	683	821	826	672	682	700	669
A	701	1094	770	752	766	683	729	701	767	683	684	822	827	673	683	701	670
E	702	1095	771	753	767	684	730	702	768	684	685	823	828	674	684	702	671
N	703	1096	772	754	768	685	731	703	769	685	686	824	829	675	685	703	672
S	704	1097	773	755	769	686	732	704	770	686	687	825	830	676	686	704	673
V	705	1098	774	756	770	687	733	705	771	687	688	826	831	677	687	705	674
A	706	1099	775	757	771	688	734	706	772	688	689	827	832	678	688	706	675
Y	707	1100	776	758	772	689	735	707	773	689	690	828	833	679	689	707	676
S	708	1101	777	759	773	690	736	708	774	690	691	829	834	680	690	708	677
N	709	1102	778	760	774	691	737	709	775	691	692	830	835	681	691	709	678
N	710	1103	779	761	775	692	738	710	776	692	693	831	836	682	692	710	679
S	711	1104	780	762	776	693	739	711	777	693	694	832	837	683	693	711	680
I	712	1105	781	763	777	694	740	712	778	694	695	833	838	684	694	712	681
A	713	1115	791	764	781	695	750	713	779	695	696	834	839	685	695	713	682
I	714	1116	792	765	782	696	751	714	780	696	697	835	840	686	696	714	683
P	715	1117	793	766	783	697	752	715	781	697	698	836	841	687	697	715	684
T	716	1118	794	767	784	698	753	716	782	698	699	837	842	688	698	716	685
N	717	1119	795	768	785	699	754	717	783	699	700	838	843	689	699	717	686
F	718	1120	796	769	786	700	755	718	784	700	701	839	844	690	700	718	687
T	719	1121	797	770	787	701	756	719	785	701	702	840	845	691	701	719	688
I	720	1122	798	771	788	702	757	720	786	702	703	841	846	692	702	720	689
S	721	1123	799	772	789	703	758	721	787	703	704	842	847	693	703	721	690
V	722	1124	800	773	790	704	759	722	788	704	705	843	848	694	704	722	691
T	723	1125	801	774	791	705	760	723	789	705	706	844	849	695	705	723	692
T	724	1126	802	775	792	706	761	724	790	706	707	845	850	696	706	724	693
E	725	1127	803	776	793	707	762	725	791	707	708	846	851	697	707	725	694
I	726	1128	804	777	794	708	763	726	792	708	709	847	852	698	708	726	695
L	727	1129	805	778	795	709	764	727	793	709	710	848	853	699	709	727	696
P	728	1130	806	779	796	710	765	728	794	710	711	849	854	700	710	728	697
V	729	1131	807	780	797	711	766	729	795	711	712	850	855	701	711	729	698
S	730	1132	808	781	798	712	767	730	796	712	713	851	856	702	712	730	699
M	731	1133	809	782	799	713	768	731	797	713	714	852	857	703	713	731	700
T	732	1134	810	783	800	714	769	732	798	714	715	853	858	704	714	732	701
K	733	1135	811	784	801	715	770	733	799	715	716	854	859	705	715	733	702
T	734	1136	812	785	802	716	771	734	800	716	717	855	860	706	716	734	703
S	735	1137	813	786	803	717	772	735	801	717	718	856	861	707	717	735	704
V	736	1138	814	787	804	718	773	736	802	718	719	857	862	708	718	736	705
D	737	1139	815	788	805	719	774	737	803	719	720	858	863	709	719	737	706
C	738	1140	816	789	806	720	775	738	804	720	721	859	864	710	720	738	707
T	739	1141	817	790	807	721	776	739	805	721	722	860	865	711	721	739	708
M	740	1142	818	791	808	722	777	740	806	722	723	861	866	712	722	740	709
Y	741	1143	819	792	809	723	778	741	807	723	724	862	867	713	723	741	710
I	742	1144	820	793	810	724	779	742	808	724	725	863	868	714	724	742	711
C	743	1145	821	794	811	725	780	743	809	725	726	864	869	715	725	743	712
G	744	1146	822	795	812	726	781	744	810	726	727	865	870	716	726	744	713
D	745	1147	823	796	813	727	782	745	811	727	728	866	871	717	727	745	714
S	746	1148	824	797	814	728	783	746	812	728	729	867	872	718	728	746	715
T	747	1149	825	798	815	729	784	747	813	729	730	868	873	719	729	747	716
E	748	1150	826	799	816	730	785	748	814	730	731	869	874	720	730	748	717
C	749	1151	827	800	817	731	786	749	815	731	732	870	875	721	731	749	718
S	750	1152	828	801	818	732	787	750	816	732	733	871	876	722	732	750	719
N	751	1153	829	802	819	733	788	751	817	733	734	872	877	723	733	751	720
L	752	1154	830	803	820	734	789	752	818	734	735	873	878	724	734	752	721
L	753	1155	831	804	821	735	790	753	819	735	736	874	879	725	735	753	722
L	754	1156	832	805	822	736	791	754	820	736	737	875	880	726	736	754	723
Q	755	1157	833	806	823	737	792	755	821	737	738	876	881	727	737	755	724
Y	756	1158	834	807	824	738	793	756	822	738	739	877	882	728	738	756	725
G	757	1159	835	808	825	739	794	757	823	739	740	878	883	729	739	757	726
S	758	1160	836	809	826	740	795	758	824	740	741	879	884	730	740	758	727
F	759	1161	837	810	827	741	796	759	825	741	742	880	885	731	741	759	728
C	760	1162	838	811	828	742	797	760	826	742	743	881	886	732	742	760	729
T	761	1163	839	812	829	743	798	761	827	743	744	882	887	733	743	761	730
Q	762	1164	840	813	830	744	799	762	828	744	745	883	888	734	744	762	731
L	763	1165	841	814	831	745	800	763	829	745	746	884	889	735	745	763	732
N	764	1166	842	815	832	746	801	764	830	746	747	885	890	736	746	764	733
R	765	1167	843	816	833	747	802	765	831	747	748	886	891	737	747	765	734
A	766	1168	844	817	834	748	803	766	832	748	749	887	892	738	748	766	735
L	767	1169	845	818	835	749	804	767	833	749	750	888	893	739	749	767	736
T	768	1170	846	819	836	750	805	768	834	750	751	889	894	740	750	768	737
G	769	1171	847	820	837	751	806	769	835	751	752	890	895	741	751	769	738
I	770	1172	848	821	838	752	807	770	836	752	753	891	896	742	752	770	739
A	771	1173	849	822	839	753	808	771	837	753	754	892	897	743	753	771	740
V	772	1174	850	823	840	754	809	772	838	754	755	893	898	744	754	772	741
E	773	1175	851	824	841	755	810	773	839	755	756	894	899	745	755	773	742
Q	774	1176	852	825	842	756	811	774	840	756	757	895	900	746	756	774	743
D	775	1177	853	826	843	757	812	775	841	757	758	896	901	747	757	775	744
K	776	1178	854	827	844	758	813	776	842	758	759	897	902	748	758	776	745
N	777	1179	855	828	845	759	814	777	843	759	760	898	903	749	759	777	746
T	778	1180	856	829	846	760	815	778	844	760	761	899	904	750	760	778	747
Q	779	1181	857	830	847	761	816	779	845	761	762	900	905	751	761	779	748
E	780	1182	858	831	848	762	817	780	846	762	763	901	906	752	762	780	749
V	781	1183	859	832	849	763	818	781	847	763	764	902	907	753	763	781	750
F	782	1184	860	833	850	764	819	782	848	764	765	903	908	754	764	782	751
A	783	1185	861	834	851	765	820	783	849	765	766	904	909	755	765	783	752
Q	784	1186	862	835	852	766	821	784	850	766	767	905	910	756	766	784	753
V	785	1187	863	836	853	767	822	785	851	767	768	906	911	757	767	785	754
K	786	1188	864	837	854	768	823	786	852	768	769	907	912	758	768	786	755
Q	787	1189	865	838	855	769	824	787	853	769	770	908	913	759	769	787	756
I	788	1192	868	839	856	770	827	788	854	770	771	909	914	760	770	788	757
Y	789	1193	869	840	857	771	828	789	855	771	772	910	915	761	771	789	758
K	790	1194	870	841	858	772	829	790	856	772	773	911	916	762	772	790	759
T	791	1195	871	842	859	773	830	791	857	773	774	912	917	763	773	791	760
P	792	1196	872	843	860	774	831	792	858	774	775	913	918	764	774	792	761
P	793	1197	873	844	861	775	832	793	859	775	776	914	919	765	775	793	762
I	794	1198	874	845	862	776	833	794	860	776	777	915	920	766	776	794	763
K	795	1199	875	846	863	777	834	795	861	777	778	916	921	767	777	795	764
D	796	1200	876	847	864	778	835	796	862	778	779	917	922	768	778	796	765
F	797	1201	877	848	865	779	836	797	863	779	780	918	923	769	779	797	766
G	798	1202	878	0	866	780	837	798	864	780	781	919	924	770	780	798	767
G	799	1203	879	849	867	781	838	799	865	781	782	920	925	771	781	799	768
F	800	1217	884	851	869	782	843	800	868	782	783	934	939	772	782	800	769
N	801	1218	885	852	870	783	844	801	869	783	784	935	940	773	783	801	770
F	802	1219	886	853	871	784	845	802	870	784	785	936	941	774	784	802	771
S	803	1220	887	854	872	785	846	803	871	785	786	937	942	775	785	803	772
Q	804	1221	888	855	873	786	847	804	872	786	787	938	943	776	786	804	773
I	805	1222	889	856	874	787	848	805	873	787	788	939	944	777	787	805	774
L	806	1223	890	857	875	788	849	806	874	788	789	940	945	778	788	806	775
P	807	1224	891	0	876	789	850	807	875	789	790	941	946	779	789	807	776
D	808	1225	892	0	877	790	851	808	876	790	791	942	947	780	790	808	777
P	809	1235	902	865	881	791	861	809	884	791	792	950	955	781	791	809	778
S	810	1238	903	866	882	792	864	810	885	792	793	951	956	782	792	810	779
K	811	1239	904	867	883	793	865	811	886	793	794	952	957	783	793	811	780
P	812	1240	905	868	884	794	866	812	887	794	795	953	958	784	794	812	781
S	813	1241	906	0	885	795	867	813	888	795	796	954	959	785	795	813	782
K	814	1242	907	869	886	796	868	814	889	796	797	955	960	786	796	814	783
R	815	1243	908	870	887	797	869	815	890	797	798	956	961	787	797	815	784
S	816	1244	909	871	888	798	870	816	891	798	799	957	962	788	798	816	785
F	817	1245	910	872	889	799	871	817	892	799	800	958	963	789	799	817	786
I	818	1246	911	873	890	800	872	818	893	800	801	959	964	790	800	818	787
E	819	1247	912	874	891	801	873	819	894	801	802	960	965	791	801	819	788
D	820	1248	913	875	892	802	874	820	895	802	803	961	966	792	802	820	789
L	821	1249	914	876	893	803	875	821	896	803	804	962	967	793	803	821	790
L	822	1250	915	877	894	804	876	822	897	804	805	963	968	794	804	822	791
F	823	1251	916	878	895	805	877	823	898	805	806	964	969	795	805	823	792
N	824	1252	917	879	896	806	878	824	899	806	807	965	970	796	806	824	793
K	825	1253	918	880	897	807	879	825	900	807	808	966	971	797	807	825	794
V	826	1254	919	881	898	808	880	826	901	808	809	967	972	798	808	826	795
T	827	1255	920	882	899	809	881	827	902	809	810	968	973	799	809	827	796
L	828	1256	921	883	900	810	882	828	903	810	811	969	974	800	810	828	797
A	829	1257	922	884	901	811	883	829	904	811	812	970	975	801	811	829	798
D	830	1258	923	885	902	812	884	830	905	812	813	971	976	802	812	830	799
A	831	1259	924	886	903	813	885	831	906	813	814	972	977	803	813	831	800
G	832	1260	925	887	904	814	886	832	907	814	815	973	978	804	814	832	801
F	833	1261	926	888	905	815	887	833	908	815	816	974	979	805	815	833	802
I	834	1262	927	889	906	816	888	834	909	816	817	975	980	806	816	834	803
K	835	1264	928	891	907	817	889	835	911	817	818	977	982	807	817	835	804
Q	836	1265	929	892	908	818	890	836	912	818	819	978	983	808	818	836	805
Y	837	1266	930	893	909	819	891	837	913	819	820	979	984	809	819	837	806
G	838	1267	931	894	910	820	892	838	914	820	821	980	985	810	820	838	807
D	839	1268	932	895	911	821	893	839	915	821	822	981	986	811	821	839	808
C	840	1269	933	896	912	822	894	840	916	822	823	982	987	812	822	840	809
L	841	1270	934	897	913	823	895	841	917	823	824	983	988	813	823	841	810
G	842	1273	935	898	916	824	896	842	918	824	825	984	989	814	824	842	811
D	843	1274	936	899	917	825	897	843	919	825	826	985	990	815	825	843	812
I	844	1275	937	900	918	826	898	844	920	826	827	986	991	816	826	844	813
A	845	1276	938	901	919	827	899	845	921	827	828	987	992	817	827	845	814
A	846	1277	939	902	920	828	900	846	922	828	829	988	993	818	828	846	815
R	847	1278	940	903	921	829	901	847	923	829	830	989	994	819	829	847	816
D	848	1279	941	904	922	830	902	848	924	830	831	990	995	820	830	848	817
L	849	1280	942	905	923	831	903	849	925	831	832	991	996	821	831	849	818
I	850	1281	943	906	924	832	904	850	926	832	833	992	997	822	832	850	819
C	851	1282	944	907	925	833	905	851	927	833	834	993	998	823	833	851	820
A	852	1283	945	908	926	834	906	852	928	834	835	994	999	824	834	852	821
Q	853	1284	946	909	927	835	907	853	929	835	836	995	1000	825	835	853	822
K	854	1285	947	910	928	836	908	854	930	836	837	996	1001	826	836	854	823
F	855	1286	948	911	929	837	909	855	931	837	838	997	1002	827	837	855	824
N	856	1287	949	912	930	838	910	856	932	838	839	998	1003	828	838	856	825
G	857	1288	950	913	931	839	911	857	933	839	840	999	1004	829	839	857	826
L	858	1289	951	914	932	840	912	858	934	840	841	1000	1005	830	840	858	827
T	859	1290	952	915	933	841	913	859	935	841	842	1001	1006	831	841	859	828
V	860	1291	953	916	934	842	914	860	936	842	843	1002	1007	832	842	860	829
L	861	1292	954	917	935	843	915	861	937	843	844	1003	1008	833	843	861	830
P	862	1293	955	918	936	844	916	862	938	844	845	1004	1009	834	844	862	831
P	863	1294	956	919	937	845	917	863	939	845	846	1005	1010	835	845	863	832
L	864	1295	957	920	938	846	918	864	940	846	847	1006	1011	836	846	864	833
L	865	1296	958	921	939	847	919	865	941	847	848	1007	1012	837	847	865	834
T	866	1297	959	922	940	848	920	866	942	848	849	1008	1013	838	848	866	835
D	867	1298	960	923	941	849	921	867	943	849	850	1009	1014	839	849	867	836
E	868	1299	961	924	942	850	922	868	944	850	851	1010	1015	840	850	868	837
M	869	1300	962	925	943	851	923	869	945	851	852	1011	1016	841	851	869	838
I	870	1301	963	926	944	852	924	870	946	852	853	1012	1017	842	852	870	839
A	871	1302	964	927	945	853	925	871	947	853	854	1013	1018	843	853	871	840
Q	872	1303	965	928	946	854	926	872	948	854	855	1014	1019	844	854	872	841
Y	873	1304	966	929	947	855	927	873	949	855	856	1015	1020	845	855	873	842
T	874	1305	967	930	948	856	928	874	950	856	857	1016	1021	846	856	874	843
S	875	1306	968	931	949	857	929	875	951	857	858	1017	1022	847	857	875	844
A	876	1307	969	932	950	858	930	876	952	858	859	1018	1023	848	858	876	845
L	877	1308	970	933	951	859	931	877	953	859	860	1019	1024	849	859	877	846
L	878	1309	971	934	952	860	932	878	954	860	861	1020	1025	850	860	878	847
A	879	1310	972	935	953	861	933	879	955	861	862	1021	1026	851	861	879	848
G	880	1311	973	936	954	862	934	880	956	862	863	1022	1027	852	862	880	849
T	881	1312	974	937	955	863	935	881	957	863	864	1023	1028	853	863	881	850
I	882	1313	975	938	956	864	936	882	958	864	865	1024	1029	854	864	882	851
T	883	1314	976	939	957	865	937	883	959	865	866	1025	1030	855	865	883	852
S	884	1315	977	940	958	866	938	884	960	866	867	1026	1031	856	866	884	853
G	885	1316	978	941	959	867	939	885	961	867	868	1027	1032	857	867	885	854
W	886	1317	979	942	960	868	940	886	962	868	869	1028	1033	858	868	886	855
T	887	1318	980	943	961	869	941	887	963	869	870	1029	1034	859	869	887	856
F	888	1319	0	0	962	870	0	888	0	870	871	0	0	860	870	888	857
G	889	1320	0	0	963	871	0	889	0	871	872	0	0	861	871	889	858
A	890	1321	0	0	964	872	0	890	0	872	873	0	0	862	872	890	859
G	891	1322	0	0	965	873	0	891	0	873	874	1030	1035	863	873	891	860
A	892	1323	981	944	966	874	942	892	964	874	875	1031	1036	864	874	892	861
A	893	1324	982	945	967	875	943	893	965	875	876	1032	1037	865	875	893	862
L	894	1325	983	946	968	876	944	894	966	876	877	1033	1038	866	876	894	863
Q	895	1326	984	947	969	877	945	895	967	877	878	1034	1039	867	877	895	864
I	896	1327	985	948	970	878	946	896	968	878	879	1035	1040	868	878	896	865
P	897	1328	986	949	971	879	947	897	969	879	880	1036	1041	869	879	897	866
F	898	1329	987	950	972	880	948	898	970	880	881	1037	1042	870	880	898	867
A	899	1330	988	951	973	881	949	899	971	881	882	1038	1043	871	881	899	868
M	900	1331	989	952	974	882	950	900	972	882	883	1039	1044	872	882	900	869
Q	901	1332	990	953	975	883	951	901	973	883	884	1040	1045	873	883	901	870
M	902	1333	991	954	976	884	952	902	974	884	885	1041	1046	874	884	902	871
A	903	1334	992	955	977	885	953	903	975	885	886	1042	1047	875	885	903	872
Y	904	1335	993	956	978	886	954	904	976	886	887	1043	1048	876	886	904	873
R	905	1336	994	957	979	887	955	905	977	887	888	1044	1049	877	887	905	874
F	906	1337	995	958	980	888	956	906	978	888	889	1045	1050	878	888	906	875
N	907	1338	996	959	981	889	957	907	979	889	890	1046	1051	879	889	907	876
G	908	1339	997	960	982	890	958	908	980	890	891	1047	1052	880	890	908	877
I	909	1340	998	961	983	891	959	909	981	891	892	1048	1053	881	891	909	878
G	910	1341	999	962	984	892	960	910	982	892	893	1049	1054	882	892	910	879
V	911	1342	1000	963	985	893	961	911	983	893	894	1050	1055	883	893	911	880
T	912	1343	1001	964	986	894	962	912	984	894	895	1051	1056	884	894	912	881
Q	913	1344	1002	965	987	895	963	913	985	895	896	1052	1057	885	895	913	882
N	914	1345	1003	966	988	896	964	914	986	896	897	1053	1058	886	896	914	883
V	915	1346	1004	967	989	897	965	915	987	897	898	1054	1059	887	897	915	884
L	916	1347	1005	968	990	898	966	916	988	898	899	1055	1060	888	898	916	885
Y	917	1348	1006	969	991	899	967	917	989	899	900	1056	1061	889	899	917	886
E	918	1349	1007	970	992	900	968	918	990	900	901	1057	1062	890	900	918	887
N	919	1350	1008	971	993	901	969	919	991	901	902	1058	1063	891	901	919	888
Q	920	1351	1009	972	994	902	970	920	992	902	903	1059	1064	892	902	920	889
K	921	1352	1010	973	995	903	971	921	993	903	904	1060	1065	893	903	921	890
L	922	1353	1011	974	996	904	972	922	994	904	905	1061	1066	894	904	922	891
I	923	1354	1012	975	997	905	973	923	995	905	906	1062	1067	895	905	923	892
A	924	1355	1013	976	998	906	974	924	996	906	907	1063	1068	896	906	924	893
N	925	1356	1014	977	999	907	975	925	997	907	908	1064	1069	897	907	925	894
Q	926	1357	1015	978	1000	908	976	926	998	908	909	1065	1070	898	908	926	895
F	927	1358	1016	979	1001	909	977	927	999	909	910	1066	1071	899	909	927	896
N	928	1359	1017	980	1002	910	978	928	1000	910	911	1067	1072	900	910	928	897
S	929	1360	1018	981	1003	911	979	929	1001	911	912	1068	1073	901	911	929	898
A	930	1361	1019	982	1004	912	980	930	1002	912	913	1069	1074	902	912	930	899
I	931	1362	1020	983	1005	913	981	931	1003	913	914	1070	1075	903	913	931	900
G	932	1363	1021	984	1006	914	982	932	1004	914	915	1071	1076	904	914	932	901
K	933	1364	1022	985	1007	915	983	933	1005	915	916	1072	1077	905	915	933	902
I	934	1365	1023	986	1008	916	984	934	1006	916	917	1073	1078	906	916	934	903
Q	935	1366	1024	987	1009	917	985	935	1007	917	918	1074	1079	907	917	935	904
D	936	1367	1025	988	1010	918	986	936	1008	918	919	1075	1080	908	918	936	905
S	937	1368	1026	989	1011	919	987	937	1009	919	920	1076	1081	909	919	937	906
L	938	1369	1027	990	1012	920	988	938	1010	920	921	1077	1082	910	920	938	907
S	939	1384	1028	1005	1013	921	989	939	1025	921	922	1092	1097	911	921	939	908
S	940	1385	1029	1006	1014	922	990	940	1026	922	923	1093	1098	912	922	940	909
T	941	1386	1030	1007	1015	923	991	941	1027	923	924	1094	1099	913	923	941	910
A	942	1387	1031	1008	1016	924	992	942	1028	924	925	1095	1100	914	924	942	911
S	943	1388	1032	1009	1017	925	993	943	1029	925	926	1096	1101	915	925	943	912
A	944	1389	1033	1010	1018	926	994	944	1030	926	927	1097	1102	916	926	944	913
L	945	1390	1034	1011	1019	927	995	945	1031	927	928	1098	1103	917	927	945	914
G	946	1391	1035	1012	1020	928	996	946	1032	928	929	1099	1104	918	928	946	915
K	947	1392	1036	1013	1021	929	997	947	1033	929	930	1100	1105	919	929	947	916
L	948	1393	1037	1014	1022	930	998	948	1034	930	931	1101	1106	920	930	948	917
Q	949	1394	1038	1015	1023	931	999	949	1035	931	932	1102	1107	921	931	949	918
D	950	1395	1039	1016	1024	932	1000	950	1036	932	933	1103	1108	922	932	950	919
V	951	1396	1040	1017	1025	933	1001	951	1037	933	934	1104	1109	923	933	951	920
V	952	1397	1041	1018	1026	934	1002	952	1038	934	935	1105	1110	924	934	952	921
N	953	1398	1042	1019	1027	935	1003	953	1039	935	936	1106	1111	925	935	953	922
Q	954	1399	1043	1020	1028	936	1004	954	1040	936	937	1107	1112	926	936	954	923
N	955	1400	1044	1021	1029	937	1005	955	1041	937	938	1108	1113	927	937	955	924
A	956	1401	1045	1022	1030	938	1006	956	1042	938	939	1109	1114	928	938	956	925
Q	957	1402	1046	1023	1031	939	1007	957	1043	939	940	1110	1115	929	939	957	926
A	958	1403	1047	1024	1032	940	1008	958	1044	940	941	1111	1116	930	940	958	927
L	959	1404	1048	1025	1033	941	1009	959	1045	941	942	1112	1117	931	941	959	928
N	960	1405	1049	1026	1034	942	1010	960	1046	942	943	1113	1118	932	942	960	929
T	961	1406	1050	1027	1035	943	1011	961	1047	943	944	1114	1119	933	943	961	930
L	962	1407	1051	1028	1036	944	1012	962	1048	944	945	1115	1120	934	944	962	931
V	963	1408	1052	1029	1037	945	1013	963	1049	945	946	1116	1121	935	945	963	932
K	964	1409	1053	1030	1038	946	1014	964	1050	946	947	1117	1122	936	946	964	933
Q	965	1410	1054	1031	1039	947	1015	965	1051	947	948	1118	1123	937	947	965	934
L	966	1411	1055	1032	1040	948	1016	966	1052	948	949	1119	1124	938	948	966	935
S	967	1412	1056	1033	1041	949	1017	967	1053	949	950	1120	1125	939	949	967	936
S	968	1413	1057	1034	1042	950	1018	968	1054	950	951	1121	1126	940	950	968	937
N	969	1414	1058	1035	1043	951	1019	969	1055	951	952	1122	1127	941	951	969	938
F	970	1415	1059	1036	1044	952	1020	970	1056	952	953	1123	1128	942	952	970	939
G	971	1416	1060	1037	1045	953	1021	971	1057	953	954	1124	1129	943	953	971	940
A	972	1417	1061	1038	1046	954	1022	972	1058	954	955	1125	1130	944	954	972	941
I	973	1418	1062	1039	1047	955	1023	973	1059	955	956	1126	1131	945	955	973	942
S	974	1419	1063	1040	1048	956	1024	974	1060	956	957	1127	1132	946	956	974	943
S	975	1420	1064	1041	1049	957	1025	975	1061	957	958	1128	1133	947	957	975	944
V	976	1421	1065	1042	1050	958	1026	976	1062	958	959	1129	1134	948	958	976	945
L	977	1422	1066	1043	1051	959	1027	977	1063	959	960	1130	1135	949	959	977	946
N	978	1423	1067	1044	1052	960	1028	978	1064	960	961	1131	1136	950	960	978	947
D	979	1424	1068	1045	1053	961	1029	979	1065	961	962	1132	1137	951	961	979	948
I	980	1425	1069	1046	1054	962	1030	980	1066	962	963	1133	1138	952	962	980	949
L	981	1426	1070	1047	1055	963	1031	981	1067	963	964	1134	1139	953	963	981	950
S	982	1427	1071	1048	1056	964	1032	982	1068	964	965	1135	1140	954	964	982	951
R	983	1428	1072	1049	1057	965	1033	983	1069	965	966	1136	1141	955	965	983	952
L	984	1429	1073	1050	1058	966	1034	984	1070	966	967	1137	1142	956	966	984	953
D	985	1430	1074	1051	1059	967	1035	985	1071	967	968	1138	1143	957	967	985	954
K	986	1431	1075	1052	1060	968	1036	986	1072	968	969	1139	1144	958	968	986	955
V	987	1432	1076	1053	1061	969	1037	987	1073	969	970	1140	1145	959	969	987	956
E	988	1433	1077	1054	1062	970	1038	988	1074	970	971	1141	1146	960	970	988	957
A	989	1434	1078	1055	1063	971	1039	989	1075	971	972	1142	1147	961	971	989	958
E	990	1435	1079	1056	1064	972	1040	990	1076	972	973	1143	1148	962	972	990	959
V	991	1436	1080	1057	1065	973	1041	991	1077	973	974	1144	1149	963	973	991	960
Q	992	1437	1081	1058	1066	974	1042	992	1078	974	975	1145	1150	964	974	992	961
I	993	1438	1082	1059	1067	975	1043	993	1079	975	976	1146	1151	965	975	993	962
D	994	1439	1083	1060	1068	976	1044	994	1080	976	977	1147	1152	966	976	994	963
R	995	1440	1084	1061	1069	977	1045	995	1081	977	978	1148	1153	967	977	995	964
L	996	1441	1085	1062	1070	978	1046	996	1082	978	979	1149	1154	968	978	996	965
I	997	1442	1086	1063	1071	979	1047	997	1083	979	980	1150	1155	969	979	997	966
T	998	1443	1087	1064	1072	980	1048	998	1084	980	981	1151	1156	970	980	998	967
G	999	1444	1088	1065	1073	981	1049	999	1085	981	982	1152	1157	971	981	999	968
R	1000	1445	1089	1066	1074	982	1050	1000	1086	982	983	1153	1158	972	982	1000	969
L	1001	1446	1090	1067	1075	983	1051	1001	1087	983	984	1154	1159	973	983	1001	970
Q	1002	1447	1091	1068	1076	984	1052	1002	1088	984	985	1155	1160	974	984	1002	971
S	1003	1448	1092	1069	1077	985	1053	1003	1089	985	986	1156	1161	975	985	1003	972
L	1004	1449	1093	1070	1078	986	1054	1004	1090	986	987	1157	1162	976	986	1004	973
Q	1005	1450	1094	1071	1079	987	1055	1005	1091	987	988	1158	1163	977	987	1005	974
T	1006	1451	1095	1072	1080	988	1056	1006	1092	988	989	1159	1164	978	988	1006	975
Y	1007	1452	1096	1073	1081	989	1057	1007	1093	989	990	1160	1165	979	989	1007	976
V	1008	1453	1097	1074	1082	990	1058	1008	1094	990	991	1161	1166	980	990	1008	977
T	1009	1454	1098	1075	1083	991	1059	1009	1095	991	992	1162	1167	981	991	1009	978
Q	1010	1455	1099	1076	1084	992	1060	1010	1096	992	993	1163	1168	982	992	1010	979
Q	1011	1456	1100	1077	1085	993	1061	1011	1097	993	994	1164	1169	983	993	1011	980
L	1012	1457	1101	1078	1086	994	1062	1012	1098	994	995	1165	1170	984	994	1012	981
I	1013	1458	1102	1079	1087	995	1063	1013	1099	995	996	1166	1171	985	995	1013	982
R	1014	1459	1103	1080	1088	996	1064	1014	1100	996	997	1167	1172	986	996	1014	983
A	1015	1460	1104	1081	1089	997	1065	1015	1101	997	998	1168	1173	987	997	1015	984
A	1016	1461	1105	1082	1090	998	1066	1016	1102	998	999	1169	1174	988	998	1016	985
E	1017	1462	1106	1083	1091	999	1067	1017	1103	999	1000	1170	1175	989	999	1017	986
I	1018	1463	1107	1084	1092	1000	1068	1018	1104	1000	1001	1171	1176	990	1000	1018	987
R	1019	1464	1108	1085	1093	1001	1069	1019	1105	1001	1002	1172	1177	991	1001	1019	988
A	1020	1465	1109	1086	1094	1002	1070	1020	1106	1002	1003	1173	1178	992	1002	1020	989
S	1021	1466	1110	1087	1095	1003	1071	1021	1107	1003	1004	1174	1179	993	1003	1021	990
A	1022	1467	1111	1088	1096	1004	1072	1022	1108	1004	1005	1175	1180	994	1004	1022	991
N	1023	1468	1112	1089	1097	1005	1073	1023	1109	1005	1006	1176	1181	995	1005	1023	992
L	1024	1469	1113	1090	1098	1006	1074	1024	1110	1006	1007	1177	1182	996	1006	1024	993
A	1025	1470	1114	1091	1099	1007	1075	1025	1111	1007	1008	1178	1183	997	1007	1025	994
A	1026	1471	1115	1092	1100	1008	1076	1026	1112	1008	1009	1179	1184	998	1008	1026	995
T	1027	1472	1116	1093	1101	1009	1077	1027	1113	1009	1010	1180	1185	999	1009	1027	996
K	1028	1473	1117	1094	1102	1010	1078	1028	1114	1010	1011	1181	1186	1000	1010	1028	997
M	1029	1474	1118	1095	1103	1011	1079	1029	1115	1011	1012	1182	1187	1001	1011	1029	998
S	1030	1475	1119	1096	1104	1012	1080	1030	1116	1012	1013	1183	1188	1002	1012	1030	999
E	1031	1476	1120	1097	1105	1013	1081	1031	1117	1013	1014	1184	1189	1003	1013	1031	1000
C	1032	1477	1121	1098	1106	1014	1082	1032	1118	1014	1015	1185	1190	1004	1014	1032	1001
V	1033	1478	1122	1099	1107	1015	1083	1033	1119	1015	1016	1186	1191	1005	1015	1033	1002
L	1034	1479	1123	1100	1108	1016	1084	1034	1120	1016	1017	1187	1192	1006	1016	1034	1003
G	1035	1480	1124	1101	1109	1017	1085	1035	1121	1017	1018	1188	1193	1007	1017	1035	1004
Q	1036	1481	1125	1102	1110	1018	1086	1036	1122	1018	1019	1189	1194	1008	1018	1036	1005
S	1037	1482	1126	1103	1111	1019	1087	1037	1123	1019	1020	1190	1195	1009	1019	1037	1006
K	1038	1483	1127	1104	1112	1020	1088	1038	1124	1020	1021	1191	1196	1010	1020	1038	1007
R	1039	1484	1128	1105	1113	1021	1089	1039	1125	1021	1022	1192	1197	1011	1021	1039	1008
V	1040	1485	1129	1106	1114	1022	1090	1040	1126	1022	1023	1193	1198	1012	1022	1040	1009
D	1041	1486	1130	1107	1115	1023	1091	1041	1127	1023	1024	1194	1199	1013	1023	1041	1010
F	1042	1487	1131	1108	1116	1024	1092	1042	1128	1024	1025	1195	1200	1014	1024	1042	1011
C	1043	1488	1132	1109	1117	1025	1093	1043	1129	1025	1026	1196	1201	1015	1025	1043	1012
G	1044	1490	1133	1110	1118	1026	1094	1044	1131	1026	1027	1197	1202	1016	1026	1044	1013
K	1045	1491	1134	1111	1119	1027	1095	1045	1132	1027	1028	1198	1203	1017	1027	1045	1014
G	1046	1492	1135	1112	1120	1028	1096	1046	1133	1028	1029	1199	1204	1018	1028	1046	1015
Y	1047	1493	1136	1113	1121	1029	1097	1047	1134	1029	1030	1200	1205	1019	1029	1047	1016
H	1048	1494	1137	1114	1122	1030	1098	1048	1135	1030	1031	1201	1206	1020	1030	1048	1017
L	1049	1495	1138	1115	1123	1031	1099	1049	1136	1031	1032	1202	1207	1021	1031	1049	1018
M	1050	1496	1139	1116	1124	1032	1100	1050	1137	1032	1033	1203	1208	1022	1032	1050	1019
S	1051	1497	1140	1117	1125	1033	1101	1051	1138	1033	1034	1204	1209	1023	1033	1051	1020
F	1052	1498	1141	1118	1126	1034	1102	1052	1139	1034	1035	1205	1210	1024	1034	1052	1021
P	1053	1499	1142	1119	1127	1035	1103	1053	1140	1035	1036	1206	1211	1025	1035	1053	1022
Q	1054	1500	1143	1120	1128	1036	1104	1054	1141	1036	1037	1207	1212	1026	1036	1054	1023
S	1055	1501	1144	1121	1129	1037	1105	1055	1142	1037	1038	1208	1213	1027	1037	1055	1024
A	1056	1502	1145	1122	1130	1038	1106	1056	1143	1038	1039	1209	1214	1028	1038	1056	1025
P	1057	1503	1146	1123	1131	1039	1107	1057	1144	1039	1040	1210	1215	1029	1039	1057	1026
H	1058	1504	1147	1124	1132	1040	1108	1058	1145	1040	1041	1211	1216	1030	1040	1058	1027
G	1059	1505	1148	1125	1133	1041	1109	1059	1146	1041	1042	1212	1217	1031	1041	1059	1028
V	1060	1506	1149	1126	1134	1042	1110	1060	1147	1042	1043	1213	1218	1032	1042	1060	1029
V	1061	1507	1150	1127	1135	1043	1111	1061	1148	1043	1044	1214	1219	1033	1043	1061	1030
F	1062	1508	1151	1128	1136	1044	1112	1062	1149	1044	1045	1215	1220	1034	1044	1062	1031
L	1063	1509	1152	1129	1137	1045	1113	1063	1150	1045	1046	1216	1221	1035	1045	1063	1032
H	1064	1510	1153	1130	1138	1046	1114	1064	1151	1046	1047	1217	1222	1036	1046	1064	1033
V	1065	1511	1154	1131	1139	1047	1115	1065	1152	1047	1048	1218	1223	1037	1047	1065	1034
T	1066	1512	1155	1132	1140	1048	1116	1066	1153	1048	1049	1219	1224	1038	1048	1066	1035
Y	1067	1513	1156	1133	1141	1049	1117	1067	1154	1049	1050	1220	1225	1039	1049	1067	1036
V	1068	1514	1157	1134	1142	1050	1118	1068	1155	1050	1051	1221	1226	1040	1050	1068	1037
P	1069	1515	1158	1135	1143	1051	1119	1069	1156	1051	1052	1222	1227	1041	1051	1069	1038
A	1070	1516	1159	1136	1144	1052	1120	1070	1157	1052	1053	1223	1228	1042	1052	1070	1039
Q	1071	1517	1160	1137	1145	1053	1121	1071	1158	1053	1054	1224	1229	1043	1053	1071	1040
E	1072	1518	1161	1138	1146	1054	1122	1072	1159	1054	1055	1225	1230	1044	1054	1072	1041
K	1073	1519	1162	1139	1147	1055	1123	1073	1160	1055	1056	1226	1231	1045	1055	1073	1042
N	1074	1520	1163	1140	1148	1056	1124	1074	1161	1056	1057	1227	1232	1046	1056	1074	1043
F	1075	1521	1164	1141	1149	1057	1125	1075	1162	1057	1058	1228	1233	1047	1057	1075	1044
T	1076	1522	1165	1142	1150	1058	1126	1076	1163	1058	1059	1229	1234	1048	1058	1076	1045
T	1077	1523	1166	1143	1151	1059	1127	1077	1164	1059	1060	1230	1235	1049	1059	1077	1046
A	1078	1524	1167	1144	1152	1060	1128	1078	1165	1060	1061	1231	1236	1050	1060	1078	1047
P	1079	1525	1168	1145	1153	1061	1129	1079	1166	1061	1062	1232	1237	1051	1061	1079	1048
A	1080	1526	1169	1146	1154	1062	1130	1080	1167	1062	1063	1233	1238	1052	1062	1080	1049
I	1081	1527	1170	1147	1155	1063	1131	1081	1168	1063	1064	1234	1239	1053	1063	1081	1050
C	1082	1528	1171	1148	1156	1064	1132	1082	1169	1064	1065	1235	1240	1054	1064	1082	1051
H	1083	1529	1172	1149	1157	1065	1133	1083	1170	1065	1066	1236	1241	1055	1065	1083	1052
D	1084	1530	1173	1150	1158	1066	1134	1084	1171	1066	1067	1237	1242	1056	1066	1084	1053
G	1085	1531	1174	1151	1159	1067	1135	1085	1172	1067	1068	1238	1243	1057	1067	1085	1054
K	1086	1535	1176	0	1163	1068	1137	1086	0	1068	1069	1241	1246	1058	1068	1086	1055
A	1087	1536	1177	1152	1164	1069	1138	1087	1173	1069	1070	1242	1247	1059	1069	1087	1056
H	1088	1537	1178	1153	1165	1070	1139	1088	1174	1070	1071	1243	1248	1060	1070	1088	1057
F	1089	1538	1179	1154	1166	1071	1140	1089	1175	1071	1072	1244	1249	1061	1071	1089	1058
P	1090	1544	1180	1160	1167	1072	1141	1090	1181	1072	1073	1250	1255	1062	1072	1090	1059
R	1091	1545	1181	1161	1168	1073	1142	1091	1182	1073	1074	1251	1256	1063	1073	1091	1060
E	1092	1546	1182	1162	1169	1074	1143	1092	1183	1074	1075	1252	1257	1064	1074	1092	1061
G	1093	1547	1183	1163	1170	1075	1144	1093	1184	1075	1076	1253	1258	1065	1075	1093	1062
V	1094	1548	1184	1164	1171	1076	1145	1094	1185	1076	1077	1254	1259	1066	1076	1094	1063
F	1095	1549	1185	1165	1172	1077	1146	1095	1186	1077	1078	1255	1260	1067	1077	1095	1064
V	1096	1550	1186	1166	1173	1078	1147	1096	1187	1078	1079	1256	1261	1068	1078	1096	1065
S	1097	1551	1187	0	1174	1079	1148	1097	1188	1079	1080	1257	1262	1069	1079	1097	1066
N	1098	1557	1188	1167	1175	1080	1149	1098	1194	1080	1081	1258	1263	1070	1080	1098	1067
G	1099	1558	1189	1168	1176	1081	1150	1099	1195	1081	1082	1259	1264	1071	1081	1099	1068
T	1100	1559	1190	1169	1177	1082	1151	1100	1196	1082	1083	1260	1265	1072	1082	1100	1069
H	1101	1565	1191	1170	1183	1083	1152	1101	1197	1083	1084	1261	1266	1073	1083	1101	1070
W	1102	1566	1192	1171	1184	1084	1153	1102	1198	1084	1085	1262	1267	1074	1084	1102	1071
F	1103	1567	1193	1172	1185	1085	1154	1103	1199	1085	1086	1263	1268	1075	1085	1103	1072
V	1104	1568	1194	1173	1186	1086	1155	1104	1200	1086	1087	1264	1269	1076	1086	1104	1073
T	1105	1569	1195	1174	1187	1087	1156	1105	1201	1087	1088	1265	1270	1077	1087	1105	1074
Q	1106	1570	1196	1175	1188	1088	1157	1106	1202	1088	1089	1266	1271	1078	1088	1106	1075
R	1107	1571	1197	1176	1189	1089	1158	1107	1203	1089	1090	1267	1272	1079	1089	1107	1076
N	1108	1572	1198	1177	1190	1090	1159	1108	1204	1090	1091	1268	1273	1080	1090	1108	1077
F	1109	1573	1199	1178	1191	1091	1160	1109	1205	1091	1092	1269	1274	1081	1091	1109	1078
Y	1110	1574	1200	1179	1192	1092	1161	1110	1206	1092	1093	1270	1275	1082	1092	1110	1079
E	1111	1575	1201	1180	1193	1093	1162	1111	1207	1093	1094	1271	1276	1083	1093	1111	1080
P	1112	1576	1202	1181	1194	1094	1163	1112	1208	1094	1095	1272	1277	1084	1094	1112	1081
Q	1113	1577	1203	1182	1195	1095	1164	1113	1209	1095	1096	1273	1278	1085	1095	1113	1082
I	1114	1578	1204	1183	1196	1096	1165	1114	1210	1096	1097	1274	1279	1086	1096	1114	1083
I	1115	1579	1205	1184	1197	1097	1166	1115	1211	1097	1098	1275	1280	1087	1097	1115	1084
T	1116	1580	1206	1185	1198	1098	1167	1116	1212	1098	1099	1276	1281	1088	1098	1116	1085
T	1117	1581	1207	1186	1199	1099	1168	1117	1213	1099	1100	1277	1282	1089	1099	1117	1086
D	1118	1582	1208	1187	1200	1100	1169	1118	1214	1100	1101	1278	1283	1090	1100	1118	1087
N	1119	1583	1209	1188	1201	1101	1170	1119	1215	1101	1102	1279	1284	1091	1101	1119	1088
T	1120	1584	1210	1189	1202	1102	1171	1120	1216	1102	1103	1280	1285	1092	1102	1120	1089
F	1121	1585	1211	1190	1203	1103	1172	1121	1217	1103	1104	1281	1286	1093	1103	1121	1090
V	1122	1586	1212	1191	1204	1104	1173	1122	1218	1104	1105	1282	1287	1094	1104	1122	1091
S	1123	1587	1213	1192	1205	1105	1174	1123	1219	1105	1106	1283	1288	1095	1105	1123	1092
G	1124	1588	1214	1193	1206	1106	1175	1124	1220	1106	1107	1284	1289	1096	1106	1124	1093
N	1125	1589	1215	1194	1207	1107	1176	1125	1221	1107	1108	1285	1290	1097	1107	1125	1094
C	1126	1590	1216	1195	0	1108	1177	1126	1222	1108	1109	1286	1291	1098	1108	1126	1095
D	1127	1591	1217	1196	1208	1109	1178	1127	1223	1109	1110	1287	1292	1099	1109	1127	1096
V	1128	1592	1218	1197	1209	1110	1179	1128	1224	1110	1111	1288	1293	1100	1110	1128	1097
V	1129	1593	1219	1198	1210	1111	1180	1129	1225	1111	1112	1289	1294	1101	1111	1129	1098
I	1130	1594	1220	1199	1211	1112	1181	1130	1226	1112	1113	1290	1295	1102	1112	1130	1099
G	1131	1595	1221	1200	1212	1113	1182	1131	1227	1113	1114	1291	1296	1103	1113	1131	1100
I	1132	1596	1222	1201	1213	1114	1183	1132	1228	1114	1115	1292	1297	1104	1114	1132	1101
V	1133	1597	1223	1202	1214	1115	1184	1133	1229	1115	1116	1293	1298	1105	1115	1133	1102
N	1134	1598	1224	1203	1215	1116	1185	1134	1230	1116	1117	1294	1299	1106	1116	1134	1103
N	1135	1599	1225	1204	1216	1117	1186	1135	1231	1117	1118	1295	1300	1107	1117	1135	1104
T	1136	1600	1226	1205	1217	1118	1187	1136	1232	1118	1119	1296	1301	1108	1118	1136	1105
V	1137	1601	1227	1206	1218	1119	1188	1137	1233	1119	1120	1297	1302	1109	1119	1137	1106
Y	1138	1602	1228	1207	1219	1120	1189	1138	1234	1120	1121	1298	1303	1110	1120	1138	1107
D	1139	1603	1229	1208	1220	1121	1190	1139	1235	1121	1122	1299	1304	1111	1121	1139	1108
P	1140	1604	1230	1209	1221	1122	1191	1140	1236	1122	1123	1300	1305	1112	1122	1140	1109
L	1141	1605	1231	1210	1222	1123	1192	1141	1237	1123	1124	1301	1306	1113	1123	1141	1110
Q	1142	1606	1232	1211	1223	1124	1193	1142	1238	1124	1125	1302	1307	1114	1124	1142	1111
P	1143	1607	1233	1212	1224	1125	1194	1143	1239	1125	1126	1303	1308	1115	1125	1143	1112
E	1144	1608	1234	1213	1225	1126	1195	1144	1240	1126	1127	1304	1309	1116	1126	1144	1113
L	1145	1609	1235	1214	1226	1127	1196	1145	1241	1127	1128	1305	1310	1117	1127	1145	1114
D	1146	1610	1236	1215	1227	1128	1197	1146	1242	1128	1129	1306	1311	1118	1128	1146	1115
S	1147	1615	1237	1220	1230	1129	1198	1147	1247	1129	1130	1311	1316	1119	1129	1147	1116
F	1148	1616	1238	1221	1231	1130	1199	1148	1248	1130	1131	1312	1317	1120	1130	1148	1117
K	1149	1617	1239	1222	1232	1131	1200	1149	1249	1131	1132	1313	1318	1121	1131	1149	1118
E	1150	1618	1240	1223	1233	1132	1201	1150	1250	1132	1133	1314	1319	1122	1132	1150	1119
E	1151	1619	1241	1224	1234	1133	1202	1151	1251	1133	1134	1315	1320	1123	1133	1151	1120
L	1152	1620	1242	1225	1235	1134	1203	1152	1252	1134	1135	1316	1321	1124	1134	1152	1121
D	1153	1621	1243	1226	1236	1135	1204	1153	1253	1135	1136	1317	1322	1125	1135	1153	1122
K	1154	1622	1244	1227	1237	1136	1205	1154	1254	1136	1137	1318	1323	1126	1136	1154	1123
Y	1155	1623	1245	1228	1238	1137	1206	1155	1255	1137	1138	1319	1324	1127	1137	1155	1124
F	1156	1624	1246	0	1239	1138	1207	1156	0	1138	1139	1320	1325	1128	1138	1156	1125
K	1157	1625	1247	1229	1240	1139	1208	1157	1256	1139	1140	1321	1326	1129	1139	1157	1126
N	1158	1626	1248	1230	1241	1140	1209	1158	1257	1140	1141	1322	1327	1130	1140	1158	1127
H	1159	1627	1249	1231	1242	1141	1210	1159	1258	1141	1142	1323	1328	1131	1141	1159	1128
T	1160	1628	1250	1232	1243	1142	1211	1160	1259	1142	1143	1324	1329	1132	1142	1160	1129
S	1161	1629	1251	1233	1244	1143	1212	1161	1260	1143	1144	1325	1330	1133	1143	1161	1130
P	1162	1632	1254	1234	1247	1144	1215	1162	1261	1144	1145	1326	1331	1134	1144	1162	1131
D	1163	1633	1255	1235	1248	1145	1216	1163	1262	1145	1146	1327	1332	1135	1145	1163	1132
V	1164	1634	1256	1236	1249	1146	1217	1164	1263	1146	1147	1328	1333	1136	1146	1164	1133
D	1165	1635	1257	1237	1250	1147	1218	1165	1264	1147	1148	1329	1334	1137	1147	1165	1134
L	1166	1636	1258	1238	0	1148	1219	1166	1265	1148	1149	1330	1335	1138	1148	1166	1135
G	1167	1637	0	0	0	1149	0	1167	0	1149	1150	0	0	1139	1149	1167	1136
D	1168	1638	1259	1239	1251	1150	1220	1168	1266	1150	1151	1331	1336	1140	1150	1168	1137
I	1169	1639	1260	1240	1252	1151	1221	1169	1267	1151	1152	1332	1337	1141	1151	1169	1138
S	1170	1640	1261	0	1253	1152	1222	1170	0	1152	1153	0	0	1142	1152	1170	1139
G	1171	1641	1262	0	1254	1153	1223	1171	0	1153	1154	0	0	1143	1153	1171	1140
I	1172	1642	1263	1241	1255	1154	1224	1172	1268	1154	1155	1333	1338	1144	1154	1172	1141
N	1173	1643	1264	1242	1256	1155	1225	1173	1269	1155	1156	1334	1339	1145	1155	1173	1142
A	1174	1644	1265	1243	1257	1156	1226	1174	1270	1156	1157	1335	1340	1146	1156	1174	1143
S	1175	1645	1266	1244	1258	1157	1227	1175	1271	1157	1158	1336	1341	1147	1157	1175	1144
V	1176	1646	1267	1245	1259	1158	1228	1176	1272	1158	1159	1337	1342	1148	1158	1176	1145
V	1177	1647	1268	1246	1260	1159	1229	1177	1273	1159	1160	1338	1343	1149	1159	1177	1146
N	1178	1648	1269	1247	1261	1160	1230	1178	1274	1160	1161	1339	1344	1150	1160	1178	1147
I	1179	1649	1270	1248	1262	1161	1231	1179	1275	1161	1162	1340	1345	1151	1161	1179	1148
Q	1180	1650	1271	1249	1263	1162	1232	1180	1276	1162	1163	1341	1346	1152	1162	1180	1149
K	1181	1651	1272	1250	1264	1163	1233	1181	1277	1163	1164	1342	1347	1153	1163	1181	1150
E	1182	1652	1273	1251	1265	1164	1234	1182	1278	1164	1165	1343	1348	1154	1164	1182	1151
I	1183	1653	1274	1252	1266	1165	1235	1183	1279	1165	1166	1344	1349	1155	1165	1183	1152
D	1184	1654	1275	1253	1267	1166	1236	1184	1280	1166	1167	1345	1350	1156	1166	1184	1153
R	1185	1655	1276	1254	1268	1167	1237	1185	1281	1167	1168	1346	1351	1157	1167	1185	1154
L	1186	1656	1277	1255	1269	1168	1238	1186	1282	1168	1169	1347	1352	1158	1168	1186	1155
N	1187	1657	1278	1256	1270	1169	1239	1187	1283	1169	1170	1348	1353	1159	1169	1187	1156
E	1188	1658	1279	1257	1271	1170	1240	1188	1284	1170	1171	1349	1354	1160	1170	1188	1157
V	1189	1673	1280	1272	1272	1171	1241	1189	1299	1171	1172	1364	1369	1161	1171	1189	1158
A	1190	1674	1281	1273	1273	1172	1242	1190	1300	1172	1173	1365	1370	1162	1172	1190	1159
K	1191	1675	1282	1274	1274	1173	1243	1191	1301	1173	1174	1366	1371	1163	1173	1191	1160
N	1192	1676	1283	1275	1275	1174	1244	1192	1302	1174	1175	1367	1372	1164	1174	1192	1161
L	1193	1677	1284	1276	1276	1175	1245	1193	1303	1175	1176	1368	1373	1165	1175	1193	1162
N	1194	1678	1285	1277	1277	1176	1246	1194	1304	1176	1177	1369	1374	1166	1176	1194	1163
E	1195	1679	1286	1278	1278	1177	1247	1195	1305	1177	1178	1370	1375	1167	1177	1195	1164
S	1196	1680	1287	1279	1279	1178	1248	1196	1306	1178	1179	1371	1376	1168	1178	1196	1165
L	1197	1681	1288	1280	1280	1179	1249	1197	1307	1179	1180	1372	1377	1169	1179	1197	1166
I	1198	1682	1289	1281	1281	1180	1250	1198	1308	1180	1181	1373	1378	1170	1180	1198	1167
D	1199	1683	1290	1282	1282	1181	1251	1199	1309	1181	1182	1374	1379	1171	1181	1199	1168
L	1200	1684	1291	1283	1283	1182	1252	1200	1310	1182	1183	1375	1380	1172	1182	1200	1169
Q	1201	1685	1292	1284	1284	1183	1253	1201	1311	1183	1184	1376	1381	1173	1183	1201	1170
E	1202	1686	1293	1285	1285	1184	1254	1202	1312	1184	1185	1377	1382	1174	1184	1202	1171
L	1203	1687	1294	1286	1286	1185	1255	1203	1313	1185	1186	1378	1383	1175	1185	1203	1172
G	1204	1688	1295	1287	1287	1186	1256	1204	1314	1186	1187	1379	1384	1176	1186	1204	1173
K	1205	1689	1296	1288	1288	1187	1257	1205	1315	1187	1188	1380	1385	1177	1187	1205	1174
Y	1206	1690	1297	1289	1289	1188	1258	1206	1316	1188	1189	1381	1386	1178	1188	1206	1175
E	1207	1691	1298	1290	1290	1189	1259	1207	1317	1189	1190	1382	1387	1179	1189	1207	1176
Q	1208	1692	1299	1291	1291	1190	1260	1208	1318	1190	1191	1383	1388	1180	1190	1208	1177
Y	1209	1693	1300	1292	1292	1191	1261	1209	1319	1191	1192	1384	1389	1181	1191	1209	1178
I	1210	1694	1301	1293	1293	1192	1262	1210	1320	1192	1193	1385	1390	1182	1192	1210	1179
K	1211	1695	1302	1294	1294	1193	1263	1211	1321	1193	1194	1386	1391	1183	1193	1211	1180
W	1212	1696	1303	1295	1295	1194	1264	1212	1322	1194	1195	1387	1392	1184	1194	1212	1181
P	1213	1697	1304	1296	1296	1195	1265	1213	1323	1195	1196	1388	1393	1185	1195	1213	1182
W	1214	1698	1305	1297	1297	1196	1266	1214	1324	1196	1197	1389	1394	1186	1196	1214	1183
Y	1215	1699	1306	1298	1298	1197	1267	1215	1325	1197	1198	1390	1395	1187	1197	1215	1184
I	1216	1700	1307	1299	1299	1198	1268	1216	1326	1198	1199	1391	1396	1188	1198	1216	1185
W	1217	1701	1308	1300	1300	1199	1269	1217	1327	1199	1200	1392	1397	1189	1199	1217	1186
L	1218	1702	1309	1301	1301	1200	1270	1218	1328	1200	1201	1393	1398	1190	1200	1218	1187
G	1219	1703	1310	1302	1302	1201	1271	1219	1329	1201	1202	1394	1399	1191	1201	1219	1188
F	1220	1704	1311	1303	1303	1202	1272	1220	1330	1202	1203	1395	1400	1192	1202	1220	1189
I	1221	1705	1312	1304	1304	1203	1273	1221	1331	1203	1204	1396	1401	1193	1203	1221	1190
A	1222	1706	1313	1305	1305	1204	1274	1222	1332	1204	1205	1397	1402	1194	1204	1222	1191
G	1223	1707	1314	1306	1306	1205	1275	1223	1333	1205	1206	1398	1403	1195	1205	1223	1192
L	1224	1708	1315	1307	1307	1206	1276	1224	1334	1206	1207	1399	1404	1196	1206	1224	1193
I	1225	1709	1316	1308	1308	1207	1277	1225	1335	1207	1208	1400	1405	1197	1207	1225	1194
A	1226	1710	1317	1309	1309	1208	1278	1226	1336	1208	1209	1401	1406	1198	1208	1226	1195
I	1227	1711	1318	1310	1310	1209	1279	1227	1337	1209	1210	1402	1407	1199	1209	1227	1196
V	1228	1712	1319	1311	1311	1210	1280	1228	1338	1210	1211	1403	1408	1200	1210	1228	1197
M	1229	1713	1320	1312	1312	1211	1281	1229	1339	1211	1212	1404	1409	1201	1211	1229	1198
V	1230	1714	1321	1313	1313	1212	1282	1230	1340	1212	1213	1405	1410	1202	1212	1230	1199
T	1231	1715	1322	1314	1314	1213	1283	1231	1341	1213	1214	1406	1411	1203	1213	1231	1200
I	1232	1716	1323	1315	1315	1214	1284	1232	1342	1214	1215	1407	1412	1204	1214	1232	1201
M	1233	1717	1324	1316	1316	1215	1285	1233	1343	1215	1216	1408	1413	1205	1215	1233	1202
L	1234	1718	1325	1317	1317	1216	1286	1234	1344	1216	1217	1409	1414	1206	1216	1234	1203
C	1235	1719	1326	1318	1318	1217	1287	1235	1345	1217	1218	1410	1415	1207	1217	1235	1204
C	1236	1720	1327	1319	1319	1218	1288	1236	1346	1218	1219	1411	1416	1208	1218	1236	1205
M	1237	1721	1328	1320	1320	1219	1289	1237	1347	1219	1220	1412	1417	1209	1219	1237	1206
T	1238	1722	1329	1321	1321	1220	1290	1238	1348	1220	1221	1413	1418	1210	1220	1238	1207
S	1239	1723	1330	1322	1322	1221	1291	1239	1349	1221	1222	1414	1419	1211	1221	1239	1208
C	1240	1724	1331	1323	1323	1222	1292	1240	1350	1222	1223	1415	1420	1212	1222	1240	1209
C	1241	1725	1332	1324	1324	1223	1293	1241	1351	1223	1224	1416	1421	1213	1223	1241	1210
S	1242	1726	1333	1325	1325	1224	1294	1242	1352	1224	1225	1417	1422	1214	1224	1242	1211
C	1243	1727	1334	1326	1326	1225	1295	1243	1353	1225	1226	1418	1423	1215	1225	1243	1212
L	1244	1728	1335	1327	1327	1226	1296	1244	1354	1226	1227	1419	1424	1216	1226	1244	1213
K	1245	1729	1336	1328	1328	1227	1297	1245	1355	1227	1228	1420	1425	1217	1227	1245	1214
G	1246	1730	1337	1329	1329	1228	1298	1246	1356	1228	1229	1421	1426	1218	1228	1246	1215
C	1247	1731	0	1330	1330	1229	0	1247	1357	1229	1230	1422	1427	1219	1229	1247	1216
C	1248	1732	0	1331	1331	1230	0	1248	1358	1230	1231	1423	1428	1220	1230	1248	1217
S	1249	1733	1338	1332	1332	1231	1299	1249	1359	1231	1232	1424	1429	1221	1231	1249	1218
C	1250	1734	1339	1333	1333	1232	1300	1250	1360	1232	1233	1425	1430	1222	1232	1250	1219
G	1251	1736	1340	1335	1334	1233	1301	1251	1362	1233	1234	1427	1432	1223	1233	1251	1220
S	1252	1737	1341	1336	1335	1234	1302	1252	1363	1234	1235	1428	1433	1224	1234	1252	1221
C	1253	1738	1342	1337	1336	1235	1303	1253	1364	1235	1236	1429	1434	1225	1235	1253	1222
C	1254	1739	1343	1338	1337	1236	1304	1254	1365	1236	1237	1430	1435	1226	1236	1254	1223
K	1255	1741	1345	1341	1339	1237	1306	1255	1367	1237	1238	1432	1437	1227	1237	1255	1224
F	1256	1742	1346	1342	1340	1238	1307	1256	1368	1238	1239	1433	1438	1228	1238	1256	1225
D	1257	1743	1347	1343	1341	1239	1308	1257	1369	1239	1240	1434	1439	1229	1239	1257	1226
E	1258	1744	1348	1344	1342	1240	1309	1258	1370	1240	1241	1435	1440	1230	1240	1258	1227
D	1259	1745	1349	1345	1343	1241	1310	1259	1371	1241	1242	1436	1441	1231	1241	1259	1228
D	1260	1746	1350	1346	1344	1242	1311	1260	1372	1242	1243	1437	1442	1232	1242	1260	1229
S	1261	1747	1351	1347	1345	1243	1312	1261	1373	1243	1244	1438	1443	1233	1243	1261	1230
E	1262	1748	1352	1348	1346	1244	1313	1262	1374	1244	1245	1439	1444	1234	1244	1262	1231
P	1263	1749	1353	1349	1347	1245	1314	1263	1375	1245	1246	1440	1445	1235	1245	1263	1232
V	1264	1750	1354	1350	0	1246	1315	1264	1376	1246	1247	1441	1446	1236	1246	1264	1233
L	1265	1751	1355	0	0	1247	1316	1265	0	1247	1248	0	0	1237	1247	1265	1234
K	1266	1752	1356	1351	1348	1248	1317	1266	1377	1248	1249	1442	1447	1238	1248	1266	1235
G	1267	1753	1357	1352	1349	1249	1318	1267	1378	1249	1250	1443	1448	1239	1249	1267	1236
V	1268	1754	1358	1353	1350	1250	1319	1268	1379	1250	1251	1444	1449	1240	1250	1268	1237
K	1269	1755	1359	1354	1351	1251	1320	1269	1380	1251	1252	1445	1450	1241	1251	1269	1238
L	1270	1756	1360	1355	1352	1252	1321	1270	1381	1252	1253	1446	1451	1242	1252	1270	1239
H	1271	1757	1361	1356	1353	1253	1322	1271	1382	1253	1254	1447	1452	1243	1253	1271	1240
Y	1272	1758	1362	0	0	1254	1323	1272	0	1254	1255	0	0	1244	1254	1272	1241
T	1273	1759	1363	0	0	1255	1324	1273	0	1255	1256	0	0	1245	1255	1273	1242
